time,seconds_elapsed,y,z,x
1781041372919441000,2.07544091796875,-0.3103195428848266,-2.1563544273376465,-0.6145304441452026
1781041372929511700,2.08551171875,0.0598647929728031,-2.146580457687378,0.2932153046131134
1781041372949622800,2.105622802734375,0.5277875661849976,-1.9901989698410032,1.5076154470443726
1781041372959693600,2.115693603515625,0.5681046843528748,-1.835039138793945,1.8887953758239744
1781041372969764400,2.125764404296875,0.5253441333770752,-1.7104226350784302,2.2602014541625977
1781041372979865600,2.135865478515625,0.361632227897644,-1.6566665172576904,2.83074951171875
1781041372989966800,2.145966796875,0.180816113948822,-1.5039502382278442,3.706730365753174
1781041373010139100,2.16613916015625,-0.3958406746387481,-1.2009611129760742,3.640756845474243
1781041373020210000,2.1762099609375,-0.608421802520752,-1.0531316995620728,3.166725397109986
1781041373030280700,2.18628076171875,-0.6145304441452026,-0.6792821288108826,2.4495697021484375
1781041373040382000,2.1963818359375,-0.6010913848876953,-0.2528982162475586,1.4379768371582031
1781041373060554000,2.216553955078125,-0.8417723178863525,0.5436700582504272,0.0476474873721599
1781041373070624800,2.226624755859375,-0.8588765263557434,0.979827880859375,-0.0769690200686454
1781041373080695800,2.23669580078125,-0.7733554244041443,1.3243558406829834,0.3494149148464203
1781041373090766600,2.2467666015625,-0.7024950385093689,1.595579981803894,1.0396926403045654
1781041373100867800,2.256867919921875,-0.6414085030555725,1.8668042421340945,1.7751743793487549
1781041373110938600,2.266938720703125,-0.455705463886261,2.1148154735565186,2.2321016788482666
1781041373121009400,2.277009521484375,-0.147829383611679,2.216219186782837,2.1710150241851807
1781041373161292500,2.31729248046875,0.2199114859104156,1.4978415966033936,0.4471533596515655
1781041373171363300,2.32736328125,0.2052507251501083,1.310916781425476,1.284038782119751
1781041373181403600,2.337403564453125,0.2736676335334778,1.205847978591919,2.7427849769592285
1781041373191474400,2.347474365234375,0.4691445231437683,1.0555751323699951,4.23207426071167
1781041373201484300,2.357484375,0.6414085030555725,0.9944885969161988,5.103168487548828
1781041373221686800,2.377686767578125,0.90408056974411,0.8735373020172119,3.721390962600708
1781041373231757600,2.387757568359375,0.9920451641082764,0.5900958180427551,2.1673498153686523
1781041373241767400,2.397767333984375,1.0103710889816284,0.3225368559360504,0.8112290501594543
1781041373302253300,2.45825341796875,0.3213151097297668,0.6389650702476501,0.7159340381622314
1781041373312354600,2.4683544921875,0.0635299831628799,0.6414085030555725,0.789237916469574
1781041373322425300,2.47842529296875,-0.230907067656517,0.3982841372489929,0.5400048494338989
1781041373332526800,2.48852685546875,-0.5607742667198181,0.0366519130766391,0.2296853363513946
1781041373342597600,2.49859765625,-0.9101892113685608,-0.167377084493637,0.4984660446643829
1781041373352699000,2.508698974609375,-1.23394775390625,-0.2602286040782928,1.5222761631011963
1781041373362769700,2.518769775390625,-1.4233160018920898,-0.4239404797554016,2.824640989303589
1781041373382941700,2.538941650390625,-1.3744467496871948,-1.0054842233657837,4.7415361404418945
1781041373393043200,2.549043212890625,-1.398881435394287,-1.247386813163757,5.2717671394348145
1781041373403114000,2.559114013671875,-1.4648548364639282,-1.4440854787826538,5.539326190948486
1781041373423255600,2.579255615234375,-1.67254900932312,-1.8985692262649536,5.755572319030762
1781041373443366700,2.59936669921875,-1.8093829154968264,-2.0952677726745605,6.55458402633667
1781041373453498400,2.609498291015625,-1.8216001987457275,-2.109928607940674,6.89544677734375
1781041373473701000,2.629701171875,-1.852143406867981,-2.135584831237793,6.78793478012085
1781041373483772000,2.63977197265625,-1.874134540557861,-2.0818288326263428,6.58268404006958
1781041373503944000,2.65994384765625,-1.5515977144241333,-1.7470746040344238,5.870415210723877
1781041373514076000,2.670075927734375,-1.4404202699661257,-1.6236798763275146,5.7213640213012695
1781041373534278400,2.6902783203125,-1.236391305923462,-1.186300277709961,6.020688056945801
1781041373544379600,2.700379638671875,-1.0946705341339111,-0.9627236127853394,6.188065052032471
1781041373564521500,2.720521484375,-0.9150761365890504,-0.6487388610839844,5.932723045349121
1781041373574653200,2.730653076171875,-0.8405506014823914,-0.5754350423812866,5.624847412109375
1781041373584754400,2.74075439453125,-0.7684684991836548,-0.5290092825889587,5.352401256561279
1781041373594825200,2.7508251953125,-0.6133087277412415,-0.5082398653030396,5.108055114746094
1781041373615058400,2.771058349609375,-0.090408056974411,-0.5717698931694031,4.272391319274902
1781041373625159700,2.78115966796875,0.090408056974411,-0.6450737118721008,3.6273179054260254
1781041373635291600,2.791291748046875,0.2272418737411499,-0.779464066028595,2.9358184337615967
1781041373645393000,2.801392822265625,0.3469714522361755,-0.9077457785606384,2.3689353466033936
1781041373655494100,2.811494140625,0.5461135506629944,-0.9419541954994202,2.085494041442871
1781041373665595600,2.821595703125,0.7929030656814575,-0.9468411207199096,2.015855312347412
1781041373675697000,2.83169677734375,1.017701506614685,-1.003040790557861,2.054950714111328
1781041373685798100,2.841798095703125,1.1838568449020386,-1.0885618925094604,2.1111502647399902
1781041373695899600,2.851899658203125,1.321912407875061,-1.19607412815094,2.074498414993286
1781041373706001000,2.8620009765625,1.4599679708480835,-1.3084733486175537,1.8985692262649536
1781041373716102100,2.87210205078125,1.577254056930542,-1.4184291362762451,1.5552629232406616
1781041373726173000,2.8821728515625,1.8154915571212769,-1.5112806558609009,0.9028588533401488
1781041373736305000,2.892304931640625,1.910786509513855,-1.538158655166626,-0.4263839423656463
1781041373746406100,2.90240625,1.0103710889816284,-1.6859880685806274,-1.9058995246887207
1781041373796912600,2.95291259765625,0.3090978264808655,-1.7470746040344238,-1.3145819902420044
1781041373847419400,3.00341943359375,0.8222246170043945,-0.8820894360542297,-2.662150621414185
1781041373938178600,3.094178466796875,1.086118459701538,-0.2895501255989074,-1.8167132139205933
1781041373948279800,3.10427978515625,1.2107349634170532,-0.3885102868080139,-1.1178834438323977
1781041373958350600,3.1143505859375,1.348790407180786,-0.4899139404296875,-0.5815436840057373
1781041373968421600,3.124421630859375,1.4049900770187378,-0.5424483418464661,-0.4276056587696075
1781041373978492400,3.134492431640625,1.3646728992462158,-0.5962044596672058,-0.5375614166259766
1781041373998664400,3.15466455078125,1.2754865884780884,-0.4434881806373596,-0.5974262356758118
1781041374008735200,3.1647353515625,1.2009611129760742,-0.3445279896259308,-0.7330383062362671
1781041374018806000,3.174805908203125,1.119105100631714,-0.2590068578720093,-0.8503243923187256
1781041374028907300,3.1849072265625,1.1068878173828125,-0.1429424732923507,-0.7770205736160278
1781041374069221000,3.22522119140625,1.0299187898635864,0.2431243658065796,-0.3298672437667846
1781041374079292000,3.2352919921875,1.0482447147369385,0.3103195428848266,-0.2089159190654754
1781041374089332200,3.245332275390625,1.084896683692932,0.3885102868080139,-0.157603234052658
1781041374099433500,3.25543359375,1.1129964590072632,0.455705463886261,-0.140499010682106
1781041374109534700,3.26553466796875,1.147204875946045,0.5412266254425049,-0.1502728462219238
1781041374119605500,3.27560546875,1.1325441598892212,0.6414085030555725,-0.171042263507843
1781041374139716600,3.295716552734375,1.1020009517669678,0.9297369122505188,-0.2125810980796814
1781041374149787400,3.305787353515625,1.056796908378601,1.0103710889816284,-0.1905899494886398
1781041374159889000,3.315888916015625,1.0641272068023682,1.1129964590072632,-0.0305432621389627
1781041374169959700,3.325959716796875,1.0580185651779177,1.2302825450897217,0.2028072625398636
1781041374180000000,3.336,1.0311405658721924,1.2901474237442017,0.5021312236785889
1781041374200141600,3.3561416015625,1.1838568449020386,1.3353514671325684,0.7538077235221863
1781041374240455200,3.396455078125,1.3329079151153564,0.9566149711608888,-0.2333505302667617
1781041374250526000,3.40652587890625,1.301142930984497,0.9896016716957092,-0.371406078338623
1781041374260596700,3.4165966796875,1.1924089193344116,1.1349875926971436,-0.2052507251501083
1781041374270667500,3.42666748046875,0.9517280459403992,1.351233959197998,-0.0781907513737678
1781041374280677400,3.436677490234375,0.5778785347938538,1.5528194904327393,-0.3408628106117248
1781041374290778600,3.446778564453125,0.0598647929728031,1.673770785331726,-1.0580185651779177
1781041374300880100,3.456880126953125,-0.3274237811565399,1.745852828025818,-2.031737804412842
1781041374351203600,3.50720361328125,0.1111774742603302,1.0445796251296997,-7.001737594604492
1781041374361213200,3.517213134765625,-0.3323107063770294,0.8784242272377014,-7.304726600646973
1781041374371314700,3.527314697265625,-0.5693264007568359,0.8576548099517822,-7.249748706817627
1781041374381385500,3.537385498046875,-0.8417723178863525,0.9529497623443604,-7.011511325836182
1781041374391486700,3.54748681640625,-1.1252137422561646,1.1691961288452148,-6.527706146240234
1781041374411658800,3.56765869140625,-1.683544635772705,1.7910568714141846,-4.830722332000732
1781041374421760300,3.57776025390625,-1.8643606901168823,2.1783454418182373,-3.9351940155029297
1781041374431800300,3.58780029296875,-1.9706512689590456,2.6193902492523193,-3.1777210235595703
1781041374441840600,3.597840576171875,-2.0195205211639404,3.023782968521118,-2.746450185775757
1781041374482185000,3.63818505859375,-3.0360002517700195,3.381750106811523,-4.428772926330566
1781041374492255700,3.648255859375,-3.519805431365967,3.17161226272583,-5.051855564117432
1781041374502326500,3.658326416015625,-3.977954387664795,2.9626965522766113,-5.470909118652344
1781041374512397300,3.668397216796875,-4.362799644470215,2.7672195434570312,-5.756793975830078
1781041374522437600,3.678437744140625,-4.721988201141357,2.576629638671875,-5.981592655181885
1781041374532539000,3.688538818359375,-5.027420997619629,2.333505153656006,-6.243042945861816
1781041374542609700,3.698609619140625,-5.307197093963623,2.043955087661743,-6.588792324066162
1781041374552680400,3.708680419921875,-5.615073204040527,1.7373007535934448,-6.874677658081055
1781041374572791600,3.72879150390625,-6.172182559967041,0.9566149711608888,-7.11902379989624
1781041374582893000,3.73889306640625,-6.337116241455078,0.5326744914054871,-6.973637580871582
1781041374592963800,3.7489638671875,-6.43118953704834,0.1246165111660957,-6.670648574829102
1781041374603034600,3.75903466796875,-6.450736999511719,-0.2651155292987823,-6.373767852783203
1781041374613105400,3.76910546875,-6.3969807624816895,-0.685390830039978,-6.216164588928223
1781041374623206700,3.77920654296875,-6.310237884521484,-1.1948524713516235,-6.244264602661133
1781041374633247000,3.7892470703125,-6.294355392456055,-1.7886134386062622,-6.453180313110352
1781041374643317800,3.79931787109375,-6.306572914123535,-2.4239132404327393,-6.751282691955566
1781041374653388500,3.809388427734375,-6.224716663360596,-3.0250046253204346,-6.984633445739746
1781041374673530000,3.829530029296875,-5.723807334899902,-4.006054401397705,-7.307169914245605
1781041374713844000,3.869843994140625,-3.830125093460083,-5.7103681564331055,-7.2008795738220215
1781041374723945200,3.8799453125,-3.254689931869507,-6.146525859832764,-7.176445007324219
1781041374734016000,3.89001611328125,-2.7513370513916016,-6.5533623695373535,-7.001737594604492
1781041374794379800,3.9503798828125,-0.1062905490398407,-5.937610149383545,-1.1985175609588623
1781041374804450600,3.960450439453125,0.2223549485206604,-5.6517252922058105,0.051312681287527
1781041374814521300,3.970521240234375,0.4043927788734436,-5.415931224822998,1.1313223838806152
1781041374824622600,3.98062255859375,0.4728097021579742,-5.257106304168701,1.9034560918807983
1781041374834693400,3.990693359375,0.4630358517169952,-5.130046367645264,2.350609540939331
1781041374844764200,4.00076416015625,0.4349360466003418,-5.009095191955566,2.579072952270508
1781041374854835200,4.010835205078125,0.46547931432724,-4.856378555297852,2.7122416496276855
1781041374864906000,4.020906005859375,0.5375614166259766,-4.7024407386779785,2.8796188831329346
1781041374885017000,4.04101708984375,0.7110471725463867,-4.290717601776123,3.439171314239502
1781041374895118300,4.051118408203125,0.7904596328735352,-4.0158281326293945,3.7922513484954834
1781041374905189000,4.061189208984375,0.8772025108337402,-3.749490976333618,4.097683906555176
1781041374915260000,4.071260009765625,0.940732479095459,-3.497814416885376,4.234518051147461
1781041374925330700,4.08133056640625,0.978606104850769,-3.327993869781494,4.109901428222656
1781041374935401500,4.0914013671875,0.9615018963813782,-3.193603515625,3.803246974945069
1781041374945472300,4.10147216796875,0.9150761365890504,-3.028669834136963,3.433062791824341
1781041374955543000,4.11154296875,0.9053022861480712,-2.763554334640503,3.054326295852661
1781041374965613800,4.12161376953125,0.9431759119033812,-2.1233675479888916,2.9883527755737305
1781041375005927700,4.161927734375,0.3005456924438476,0.6499606370925903,0.1612684279680252
1781041375015998500,4.17199853515625,-0.9150761365890504,0.7159340381622314,-2.618168354034424
1781041375026069200,4.1820693359375,-1.4978415966033936,0.4899139404296875,-3.682295799255371
1781041375036109600,4.192109619140625,-1.557706356048584,0.0696386396884918,-3.8960986137390137
1781041375046180400,4.202180419921875,-1.616349458694458,-0.1563815027475357,-3.784921169281006
1781041375056281600,4.212281494140625,-1.6114624738693235,-0.0280998013913631,-3.2082643508911133
1781041375086463500,4.24246337890625,0.280998021364212,0.9847147464752196,-0.8087855577468872
1781041375136848100,4.29284814453125,0.0891863256692886,0.1417207419872284,1.1154398918151855
1781041375146919000,4.3029189453125,0.1759291887283325,0.0769690200686454,2.1954495906829834
1781041375156989700,4.31298974609375,0.3237585723400116,0.0195476878434419,2.9663615226745605
1781041375167091000,4.323091064453125,0.4886921942234039,-0.0232128798961639,2.9798007011413574
1781041375177192200,4.333192138671875,0.5632177591323853,-0.1356120854616165,1.6468926668167114
1781041375187263000,4.343262939453125,0.4459316432476043,-0.1588249653577804,0.996932089328766
1781041375197364500,4.353364501953125,0.4214970171451568,-0.1380555480718612,0.6536257863044739
1781041375227637800,4.3836376953125,0.0183259565383195,0.8613200187683105,-0.1270599663257599
1781041375237769700,4.393769775390625,-0.3384193480014801,0.9370672702789308,-0.8381071090698242
1781041375247840500,4.403840576171875,-0.7000515460968018,0.7855727076530457,-1.6884315013885498
1781041375257941800,4.413941650390625,-0.8991936445236206,0.5375614166259766,-2.244318962097168
1781041375268012500,4.424012451171875,-0.8759807348251343,0.4166100919246673,-2.27852725982666
1781041375278113800,4.43411376953125,-0.6695083379745483,0.5009095072746277,-1.892460584640503
1781041375288184600,4.4441845703125,-0.4239404797554016,0.6817256212234497,-1.4660766124725342
1781041375298255600,4.454255615234375,-0.3115412890911102,0.7220427393913269,-1.2889256477355957
1781041375308356900,4.46435693359375,-0.3506366610527038,0.5302310585975647,-1.1801916360855105
1781041375338599700,4.494599609375,-0.1563815027475357,0.0928515195846557,0.1001818999648094
1781041375348670500,4.50467041015625,-0.0146607663482427,0.0977384373545646,0.4813618063926697
1781041375358772000,4.51477197265625,-0.0158824957907199,0.0940732508897781,0.5876523852348328
1781041375368873200,4.524873291015625,-0.0708603709936142,0.0366519130766391,0.5607742667198181
1781041375378974500,4.534974365234375,0.0183259565383195,-0.0794124826788902,0.616973876953125
1781041375389045200,4.545045166015625,0.230907067656517,-0.2260201424360275,0.846659243106842
1781041375399116000,4.555115966796875,0.4447098970413208,-0.4031710624694824,1.3243558406829834
1781041375409217500,4.565217529296875,0.5583308339118958,-0.5583308339118958,1.949881911277771
1781041375429359000,4.585359130859375,0.5229006409645081,-0.7257078886032104,2.453234910964966
1781041375439460400,4.59546044921875,0.4166100919246673,-0.7489207983016968,2.2687535285949707
1781041375449500700,4.605500732421875,0.2981022298336029,-0.7342600226402283,1.9840903282165527
1781041375459602000,4.615601806640625,0.2101376503705978,-0.6377432942390442,1.712866187095642
1781041375469672700,4.625672607421875,0.1295034289360046,-0.5057964324951172,1.4758504629135132
1781041375479682600,4.6356826171875,0.0293215326964855,-0.3995058834552765,1.247386813163757
1781041375489783800,4.64578369140625,-0.0085521135479211,-0.3262020349502563,1.0482447147369385
1781041375560462600,4.716462646484375,0.0659734457731247,-0.0036651915870606,-0.9749409556388856
1781041375590766600,4.7467666015625,-0.2467895597219467,-0.2748893499374389,-0.998153805732727
1781041375600837400,4.75683740234375,-0.3359758853912353,-0.2895501255989074,-0.0085521135479211
1781041375610969000,4.766968994140625,-0.3152064681053161,-0.0806342139840126,1.0299187898635864
1781041375631171800,4.787171875,-0.2651155292987823,0.0036651915870606,0.9175195693969728
1781041375671607600,4.827607666015625,-0.2186897546052932,0.4068362414836883,-0.2101376503705978
1781041375681678300,4.83767822265625,-0.1759291887283325,0.3701843321323395,-0.455705463886261
1781041375691779600,4.847779541015625,-0.1795943826436996,0.2785545587539673,-0.901637077331543
1781041375711952000,4.867951904296875,-0.2138028293848037,0.0842994004487991,-1.7776178121566772
1781041375732184800,4.888184814453125,-0.2602286040782928,-0.2455678284168243,-2.0476202964782715
1781041375782661000,4.9386611328125,-0.1197295859456062,-0.1942551434040069,0.0036651915870606
1781041375792732000,4.94873193359375,-0.1954768747091293,-0.0928515195846557,0.0085521135479211
1781041375802833200,4.958833251953125,-0.2064724564552307,0.0452040284872055,-0.0745255574584007
1781041375812934400,4.968934326171875,-0.171042263507843,0.1197295859456062,-0.1722639948129654
1781041375823035600,4.97903564453125,-0.1123992055654525,0.1368338167667389,-0.0268780700862407
1781041375833137200,4.98913720703125,-0.0561996027827262,0.1661553531885147,0.1918116807937622
1781041375843208000,4.9992080078125,-0.0342084541916847,0.2003637999296188,0.4239404797554016
1781041375853339600,5.009339599609375,-0.0720821022987365,0.2394591718912124,0.6475171446800232
1781041375863441200,5.019441162109375,-0.0610865242779254,0.3054326176643371,0.7770205736160278
1781041375873542400,5.02954248046875,-0.0598647929728031,0.3970624208450317,0.720820963382721
1781041375883643600,5.0396435546875,-0.0708603709936142,0.4288274049758911,0.4300491213798523
1781041375893745000,5.049744873046875,-0.0574213340878486,0.4239404797554016,0.1099557429552078
1781041375903846400,5.059846435546875,-0.0390953756868839,0.4642575979232788,-0.0415388382971286
1781041375913947600,5.06994775390625,-0.0183259565383195,0.5497786998748779,-0.2101376503705978
1781041375924049000,5.080048828125,-0.0219911485910415,0.5815436840057373,-0.3433062732219696
1781041375964332000,5.12033203125,0.0232128798961639,0.3738495409488678,0.0537561401724815
1781041375974403000,5.130403076171875,0.098960168659687,0.3323107063770294,0.0940732508897781
1781041375984473900,5.140473876953125,0.1661553531885147,0.2858849465847015,-0.0452040284872055
1781041375994605600,5.15060546875,0.1857030391693115,0.2504547536373138,-0.3188716471195221
1781041376014777600,5.170777587890625,-0.117286130785942,0.2419026345014572,-1.3915510177612305
1781041376024879000,5.180879150390625,-0.3897320330142975,0.2736676335334778,-1.80816113948822
1781041376034950000,5.190949951171875,-0.5302310585975647,0.3371976017951965,-1.7873916625976562
1781041376055122000,5.211121826171875,-0.5351179838180542,0.2370157092809677,-1.3426817655563354
1781041376065192700,5.221192626953125,-0.485027015209198,0.1734857261180877,-0.8930850028991699
1781041376135627300,5.291627197265625,-0.4728097021579742,0.0806342139840126,-0.0073303831741213
1781041376176032500,5.332032470703125,-0.221133217215538,0.1747074574232101,0.6316346526145935
1781041376186134000,5.342134033203125,-0.0256563406437635,0.2431243658065796,0.6817256212234497
1781041376196204800,5.352204833984375,0.0708603709936142,0.2932153046131134,0.5681046843528748
1781041376216376800,5.372376953125,0.0171042270958423,0.3359758853912353,0.6670648455619812
1781041376226478000,5.38247802734375,-0.0561996027827262,0.3604104816913605,0.6670648455619812
1781041376236548900,5.392548828125,-0.1295034289360046,0.3433062732219696,0.5485569834709167
1781041376246619600,5.40261962890625,-0.1295034289360046,0.3274237811565399,0.5510004758834839
1781041376256690400,5.4126904296875,-0.0977384373545646,0.3433062732219696,0.7293730974197388
1781041376266730800,5.422730712890625,-0.0342084541916847,0.375071257352829,0.8344419002532959
1781041376286841900,5.442841796875,0.0757472887635231,0.4508185386657715,0.6230825781822205
1781041376296912600,5.45291259765625,0.0500909499824047,0.4459316432476043,0.3958406746387481
1781041376357398500,5.5133984375,-0.0329867228865623,0.3408628106117248,0.7428121566772461
1781041376367469300,5.52346923828125,-0.0781907513737678,0.3225368559360504,0.394618958234787
1781041376397681700,5.553681640625,-0.1966986060142517,0.2590068578720093,0.0794124826788902
1781041376427924700,5.5839248046875,-0.1209513172507286,0.0598647929728031,0.2895501255989074
1781041376448096800,5.6040966796875,-0.0085521135479211,0.0684169083833694,0.0097738439217209
1781041376458198000,5.614197998046875,0.0916297882795333,0.0610865242779254,0.0537561401724815
1781041376478309000,5.63430908203125,0.2015855312347412,0.0280998013913631,0.1857030391693115
1781041376488380000,5.6443798828125,0.2199114859104156,0.0,0.2052507251501083
1781041376498450700,5.65445068359375,0.2247984111309051,-0.0122173046693205,0.1734857261180877
1781041376508552200,5.66455224609375,0.2125810980796814,0.0073303831741213,0.0916297882795333
1781041376518684000,5.674683837890625,0.2003637999296188,0.0232128798961639,0.0916297882795333
1781041376528724200,5.68472412109375,0.180816113948822,0.0280998013913631,0.0708603709936142
1781041376538825500,5.694825439453125,0.1685988008975982,0.0403171069920063,-0.0183259565383195
1781041376548865800,5.70486572265625,0.171042263507843,0.0733038261532783,-0.0928515195846557
1781041376569007400,5.72500732421875,0.1356120854616165,0.1014036312699318,-0.1844813078641891
1781041376579108900,5.73510888671875,0.117286130785942,0.1233947798609733,-0.1356120854616165
1781041376589179600,5.7451796875,0.0757472887635231,0.1331686228513717,-0.0354301854968071
1781041376639564000,5.79556396484375,0.0598647929728031,0.0183259565383195,-0.0476474873721599
1781041376689918200,5.845918212890625,0.0635299831628799,-0.2235766798257827,0.0342084541916847
1781041376710090200,5.86609033203125,0.0574213340878486,-0.2247984111309051,0.098960168659687
1781041376720130600,5.876130615234375,0.0439822971820831,-0.2272418737411499,0.0806342139840126
1781041376730231800,5.886231689453125,0.0317649915814399,-0.2174680233001709,0.0390953756868839
1781041376740302600,5.896302490234375,0.0342084541916847,-0.2003637999296188,0.0036651915870606
1781041376750403800,5.90640380859375,0.0219911485910415,-0.1844813078641891,-0.0122173046693205
1781041376760444200,5.916444091796875,0.0403171069920063,-0.180816113948822,-0.0085521135479211
1781041376770515000,5.926514892578125,0.0696386396884918,-0.1759291887283325,0.0097738439217209
1781041376780555300,5.93655517578125,0.0977384373545646,-0.1734857261180877,0.0280998013913631
1781041376810767600,5.966767578125,0.1233947798609733,-0.130725160241127,-0.1026253625750541
1781041376820838400,5.97683837890625,0.1160643994808197,-0.130725160241127,-0.1062905490398407
1781041376830909200,5.9869091796875,0.1087340116500854,-0.1258382350206375,-0.1136209368705749
1781041376840949500,5.996949462890625,0.107512280344963,-0.130725160241127,-0.1490511149168014
1781041376851051000,6.007051025390625,0.1014036312699318,-0.1246165111660957,-0.1869247704744339
1781041376861091000,6.017091064453125,0.0818559452891349,-0.1441642045974731,-0.2162462919950485
1781041376871192600,6.027192626953125,0.0806342139840126,-0.1624901592731475,-0.2260201424360275
1781041376881263400,6.037263427734375,0.0842994004487991,-0.1722639948129654,-0.2431243658065796
1781041376891364600,6.047364501953125,0.0842994004487991,-0.1734857261180877,-0.2590068578720093
1781041376921638100,6.07763818359375,0.0684169083833694,-0.1930334120988845,-0.3371976017951965
1781041377012275200,6.168275146484375,0.0061086523346602,0.0549778714776039,-0.2956587672233581
1781041377032478000,6.18847802734375,0.0048869219608604,0.1209513172507286,-0.36529740691185
1781041377042579200,6.1985791015625,0.0195476878434419,0.1698205322027206,-0.3457497358322143
1781041377052650000,6.20864990234375,0.0525344125926494,0.2089159190654754,-0.280998021364212
1781041377062720800,6.218720703125,0.1148426681756973,0.2504547536373138,-0.2272418737411499
1781041377082801400,6.238801513671875,0.2675589919090271,0.3604104816913605,-0.221133217215538
1781041377092902700,6.248902587890625,0.3543018400669098,0.4178318381309509,-0.1600466966629028
1781041377102943000,6.25894287109375,0.4471533596515655,0.46547931432724,-0.0452040284872055
1781041377113044200,6.269044189453125,0.5229006409645081,0.5094616413116455,0.0280998013913631
1781041377123084500,6.27908447265625,0.5925393104553223,0.5558874011039734,0.1099557429552078
1781041377133155300,6.2891552734375,0.636521577835083,0.5852088928222656,0.180816113948822
1781041377143256800,6.2992568359375,0.6499606370925903,0.5876523852348328,0.2272418737411499
1781041377153327600,6.30932763671875,0.6536257863044739,0.616973876953125,0.2064724564552307
1781041377173438700,6.329438720703125,0.5497786998748779,0.6609562039375305,0.0598647929728031
1781041377183478800,6.339478759765625,0.4728097021579742,0.6695083379745483,0.0794124826788902
1781041377193519000,6.34951904296875,0.3762930035591125,0.6414085030555725,0.0659734457731247
1781041377203590000,6.35958984375,0.2761110961437225,0.6279694437980652,0.0061086523346602
1781041377243934200,6.399934326171875,0.0158824957907199,0.4117231667041778,0.1563815027475357
1781041377253974500,6.409974609375,-0.0366519130766391,0.3530801236629486,0.058643065392971
1781041377264014800,6.420014892578125,-0.0464257597923278,0.3029891550540924,0.0
1781041377274085600,6.430085693359375,-0.0452040284872055,0.2357939779758453,0.0219911485910415
1781041377284156400,6.440156494140625,-0.0525344125926494,0.1649336218833923,0.067195177078247
1781041377294257700,6.450257568359375,-0.0684169083833694,0.1026253625750541,0.0952949747443199
1781041377304298000,6.460298095703125,-0.0733038261532783,0.0439822971820831,0.130725160241127
1781041377314399200,6.470399169921875,-0.0476474873721599,-0.0024434609804302,0.167377084493637
1781041377344642300,6.500642333984375,0.0855211317539215,-0.0146607663482427,0.2150245606899261
1781041377374885000,6.530885009765625,0.0476474873721599,0.1356120854616165,0.1466076523065567
1781041377384956000,6.540955810546875,0.0219911485910415,0.2101376503705978,0.0464257597923278
1781041377395026700,6.551026611328125,-0.0244346093386411,0.251676470041275,-0.0219911485910415
1781041377405128000,6.5611279296875,-0.0598647929728031,0.2797762751579284,-0.0696386396884918
1781041377415199000,6.571198974609375,-0.1185078546404838,0.2846632003784179,-0.0537561401724815
1781041377425300200,6.58130029296875,-0.1539380401372909,0.251676470041275,0.0207694191485643
1781041377435371000,6.59137109375,-0.1942551434040069,0.2162462919950485,0.0891863256692886
1781041377445441800,6.60144189453125,-0.251676470041275,0.1527163088321685,0.0867428630590438
1781041377455543000,6.61154296875,-0.2736676335334778,0.0879645943641662,0.0134390350431203
1781041377465644300,6.621644287109375,-0.2345722615718841,0.0464257597923278,-0.0293215326964855
1781041377475715300,6.63171533203125,-0.2480112910270691,-0.0109955742955207,-0.067195177078247
1781041377485786000,6.6417861328125,-0.2394591718912124,-0.0561996027827262,-0.0476474873721599
1781041377495857000,6.65185693359375,-0.2247984111309051,-0.0867428630590438,0.0378736443817615
1781041377505927700,6.661927734375,-0.2003637999296188,-0.1136209368705749,0.1539380401372909
1781041377516029000,6.67202880859375,-0.1453859210014343,-0.1270599663257599,0.2785545587539673
1781041377616981000,6.77298095703125,-0.3017674386501312,-0.0610865242779254,0.3445279896259308
1781041377627113000,6.783113037109375,-0.3066543638706207,-0.0244346093386411,0.3872885704040527
1781041377717963800,6.8739638671875,-0.5949827432632446,0.2858849465847015,0.2871066629886627
1781041377738197000,6.894197021484375,-0.6108652353286743,0.2785545587539673,0.2162462919950485
1781041377748298200,6.90429833984375,-0.6047565937042236,0.2626720666885376,0.1490511149168014
1781041377758338600,6.914338623046875,-0.5998696684837341,0.2394591718912124,0.0940732508897781
1781041377768470300,6.92447021484375,-0.588874101638794,0.2101376503705978,0.0610865242779254
1781041377778541000,6.934541015625,-0.5485569834709167,0.1783726513385772,0.0403171069920063
1781041377808845000,6.964844970703125,-0.3775147199630737,0.117286130785942,0.2247984111309051
1781041377818946300,6.9749462890625,-0.3103195428848266,0.1050688251852989,0.2492330223321914
1781041377829047800,6.9850478515625,-0.2663372457027435,0.0940732508897781,0.2431243658065796
1781041377849250300,7.005250244140625,-0.1857030391693115,0.0561996027827262,0.1429424732923507
1781041377859351800,7.015351806640625,-0.1612684279680252,0.0403171069920063,0.0769690200686454
1781041377869453000,7.025453125,-0.1429424732923507,0.0403171069920063,0.0293215326964855
1781041377879523800,7.03552392578125,-0.1282816976308822,0.0244346093386411,-0.0073303831741213
1781041377889655600,7.045655517578125,-0.1099557429552078,0.0171042270958423,-0.0476474873721599
1781041377909797000,7.065797119140625,-0.0733038261532783,0.051312681287527,-0.1050688251852989
1781041377930030300,7.0860302734375,-0.0488692186772823,0.0830776765942573,-0.1356120854616165
1781041377950233000,7.106233154296875,-0.0439822971820831,0.1123992055654525,-0.1869247704744339
1781041377960303900,7.116303955078125,-0.0354301854968071,0.1233947798609733,-0.2419026345014572
1781041377970405000,7.126405029296875,-0.0256563406437635,0.1197295859456062,-0.280998021364212
1781041377980445400,7.136445556640625,-0.0280998013913631,0.1111774742603302,-0.2590068578720093
1781041377990485800,7.14648583984375,-0.0232128798961639,0.0952949747443199,-0.2406809031963348
1781041378000556500,7.156556640625,-0.0073303831741213,0.0733038261532783,-0.2394591718912124
1781041378010657800,7.16665771484375,0.0048869219608604,0.058643065392971,-0.2467895597219467
1781041378030830000,7.186830078125,0.0403171069920063,0.0439822971820831,-0.1832595765590667
1781041378040900900,7.19690087890625,0.0647517144680023,0.0427605658769607,-0.1380555480718612
1781041378050971600,7.2069716796875,0.0745255574584007,0.0403171069920063,-0.1221730485558509
1781041378151771100,7.307771240234375,0.3054326176643371,-0.3225368559360504,0.0305432621389627
1781041378212195800,7.36819580078125,0.251676470041275,-0.4398229718208313,-0.1319468915462494
1781041378242439000,7.39843896484375,0.2186897546052932,-0.4789183437824249,-0.157603234052658
1781041378252479200,7.408479248046875,0.2076941877603531,-0.5094616413116455,-0.1136209368705749
1781041378262580500,7.41858056640625,0.2015855312347412,-0.50335294008255,-0.1026253625750541
1781041378282722000,7.43872216796875,0.1905899494886398,-0.4434881806373596,-0.1624901592731475
1781041378292823300,7.4488232421875,0.1954768747091293,-0.4679227769374847,-0.1893682330846786
1781041378302894000,7.45889404296875,0.2089159190654754,-0.5204572081565857,-0.2284636050462722
1781041378312964900,7.46896484375,0.2064724564552307,-0.5546656250953674,-0.2528982162475586
1781041378323035600,7.47903564453125,0.2235766798257827,-0.5742133259773254,-0.2480112910270691
1781041378333137200,7.48913720703125,0.2357939779758453,-0.6023131608963013,-0.1820378452539444
1781041378383491000,7.539490966796875,0.3555235862731933,-0.6524040699005127,-0.1343903541564941
1781041378413734000,7.56973388671875,0.342084527015686,-0.7195992469787598,-0.36529740691185
1781041378443977000,7.59997705078125,0.2590068578720093,-0.8454375267028809,-0.2907718420028686
1781041378453986800,7.60998681640625,0.2199114859104156,-0.8307767510414124,-0.271224170923233
1781041378464088000,7.620088134765625,0.2089159190654754,-0.8197811841964722,-0.2638937830924988
1781041378474158800,7.630158935546875,0.1857030391693115,-0.789237916469574,-0.2467895597219467
1781041378484199200,7.64019921875,0.1600466966629028,-0.7745771408081055,-0.294437050819397
1781041378494239500,7.650239501953125,0.140499010682106,-0.807563841342926,-0.2443460971117019
1781041378504310300,7.660310302734375,0.1466076523065567,-0.8246681094169617,-0.1453859210014343
1781041378514411500,7.67041162109375,0.1209513172507286,-0.8014551997184753,-0.1637118905782699
1781041378524512800,7.6805126953125,0.0757472887635231,-0.779464066028595,-0.3152064681053161
1781041378534614000,7.690614013671875,0.0525344125926494,-0.7770205736160278,-0.4569272100925445
1781041378544654300,7.700654296875,0.0549778714776039,-0.7941248416900635,-0.485027015209198
1781041378554755800,7.710755859375,0.0439822971820831,-0.7672467231750488,-0.504574716091156
1781041378564826600,7.72082666015625,0.0280998013913631,-0.7367035150527954,-0.5619960427284241
1781041378584998700,7.74099853515625,0.0720821022987365,-0.7110471725463867,-0.4874704778194427
1781041378595039000,7.7510390625,0.1099557429552078,-0.6927211880683899,-0.4642575979232788
1781041378605109800,7.76110986328125,0.1441642045974731,-0.6792821288108826,-0.4801400899887085
1781041378615211000,7.7712109375,0.2015855312347412,-0.6438519954681396,-0.5106833577156067
1781041378625281800,7.78128173828125,0.2419026345014572,-0.5962044596672058,-0.5754350423812866
1781041378635383300,7.79138330078125,0.2822197377681732,-0.5681046843528748,-0.636521577835083
1781041378645423400,7.80142333984375,0.3298672437667846,-0.5070181488990784,-0.6450737118721008
1781041378655494100,7.811494140625,0.3665191531181335,-0.4630358517169952,-0.5302310585975647
1781041378665565200,7.821565185546875,0.3921754956245422,-0.4276056587696075,-0.3115412890911102
1781041378675636000,7.831635986328125,0.384845107793808,-0.3445279896259308,-0.1832595765590667
1781041378685737200,7.8417373046875,0.3555235862731933,-0.2956587672233581,-0.2345722615718841
1781041378736091100,7.892091064453125,0.3885102868080139,0.0146607663482427,-0.2443460971117019
1781041378776374300,7.932374267578125,0.3579670190811157,0.4153883755207062,-0.1209513172507286
1781041378867072500,8.023072509765624,0.5717698931694031,1.0054842233657837,-0.2822197377681732
1781041378897285000,8.05328515625,0.2871066629886627,1.236391305923462,-0.0390953756868839
1781041378967750100,8.123750244140625,0.3396410644054413,1.9425514936447144,-0.4984660446643829
1781041379028236000,8.184236083984375,0.4911356568336487,2.0366246700286865,-0.0916297882795333
1781041379088691200,8.244691162109374,0.4593706727027893,1.303586483001709,-1.2962560653686523
1781041379108832800,8.264832763671874,0.3591887652873993,0.9321803450584412,-0.6805039048194885
1781041379179359000,8.33535888671875,0.8148942589759827,-0.2736676335334778,0.7464773058891296
1781041379229743600,8.38574365234375,0.3726277947425842,-1.0433578491210938,-0.7843509912490845
1781041379310340400,8.46634033203125,-0.452040284872055,-1.7886134386062622,0.4239404797554016
1781041379320380700,8.476380615234374,-0.4899139404296875,-1.822821855545044,0.0427605658769607
1781041379330482200,8.486482177734375,-0.5913175344467163,-1.8668042421340945,-0.067195177078247
1781041379340553000,8.496552978515625,-0.646295428276062,-1.8411478996276855,0.1441642045974731
1781041379380866600,8.536866455078124,-0.7012733221054077,-1.6187928915023804,0.5326744914054871
1781041379390937300,8.546937255859374,-0.5082398653030396,-1.653001308441162,1.2021827697753906
1781041379401038600,8.55703857421875,-0.4776966273784637,-1.7983872890472412,1.711644411087036
1781041379421211000,8.5772109375,-0.3408628106117248,-1.711644411087036,0.9920451641082764
1781041379431281700,8.58728173828125,-0.371406078338623,-1.480737328529358,0.3384193480014801
1781041379471595300,8.62759521484375,-0.2504547536373138,-1.1093312501907349,0.4459316432476043
1781041379481666000,8.637666015625,-0.2993239760398865,-1.1325441598892212,0.8576548099517822
1781041379491767600,8.647767578125,-0.2015855312347412,-1.1020009517669678,0.8674286603927612
1781041379501868800,8.657868896484375,-0.1612684279680252,-1.0726794004440308,0.5265658497810364
1781041379532142300,8.688142333984375,-0.4117231667041778,-0.846659243106842,-0.2040289938449859
1781041379542243600,8.69824365234375,-0.4532620012760162,-0.8246681094169617,-0.0464257597923278
1781041379552314400,8.708314453125,-0.442266434431076,-0.7965682744979858,0.1270599663257599
1781041379562415600,8.71841552734375,-0.3078760802745819,-0.7244861721992493,0.2247984111309051
1781041379572516900,8.728516845703124,-0.1942551434040069,-0.6230825781822205,0.2125810980796814
1781041379602760000,8.758760009765625,-0.3066543638706207,-0.2186897546052932,-0.0757472887635231
1781041379622932000,8.778931884765624,-0.2626720666885376,-0.1624901592731475,-0.4593706727027893
1781041379633033200,8.789033203125,-0.1282816976308822,-0.2443460971117019,-0.1930334120988845
1781041379643165200,8.799165283203125,-0.0342084541916847,-0.3396410644054413,0.3445279896259308
1781041379723975700,8.8799755859375,0.4300491213798523,0.0549778714776039,0.8002334833145142
1781041379734077000,8.890076904296874,0.5656611919403076,0.3054326176643371,0.636521577835083
1781041379744147700,8.900147705078124,0.3628539443016052,0.4337143301963806,0.3127630054950714
1781041379754279700,8.91027978515625,-0.0855211317539215,0.4300491213798523,-0.1221730485558509
1781041379764381000,8.920380859375,-0.5644394755363464,0.4080579876899719,-0.7415903806686401
1781041379774451700,8.93045166015625,-0.6743952035903931,0.3176499307155609,-0.9480628371238708
1781041379784583700,8.940583740234375,-0.3445279896259308,0.2700024247169494,-0.3481931984424591
1781041379794685000,8.950684814453124,0.2382374405860901,0.3995058834552765,0.3274237811565399
1781041379804786200,8.9607861328125,0.4141666293144226,0.5338962078094482,0.7660250067710876
1781041379835120600,8.99112060546875,-0.2076941877603531,0.2956587672233581,-0.0415388382971286
1781041379845222100,9.00122216796875,-0.2455678284168243,0.3090978264808655,-0.6499606370925903
1781041379855323400,9.011323486328124,-0.2858849465847015,0.3481931984424591,-0.7098253965377808
1781041379865424600,9.021424560546874,-0.140499010682106,0.4434881806373596,-0.3677408695220947
1781041379875526000,9.03152587890625,0.0293215326964855,0.5338962078094482,0.0891863256692886
1781041379885627400,9.04162744140625,-0.0427605658769607,0.5424483418464661,0.5632177591323853
1781041379895728600,9.051728759765624,-0.2003637999296188,0.4740314185619354,0.8038986921310425
1781041379905830000,9.061829833984374,-0.2150245606899261,0.4178318381309509,0.6939429044723511
1781041379915931400,9.071931396484375,-0.0745255574584007,0.3909537494182586,0.2919935882091522
1781041379936134000,9.0921337890625,-0.167377084493637,0.4141666293144226,-0.2186897546052932
1781041379966346200,9.12234619140625,-0.1014036312699318,0.5167919993400574,0.2089159190654754
1781041379976478200,9.132478271484375,-0.0842994004487991,0.452040284872055,0.5424483418464661
1781041379986579500,9.142579345703124,-0.0733038261532783,0.4691445231437683,0.6194173693656921
1781041379996619800,9.152619873046875,-0.0696386396884918,0.5485569834709167,0.4899139404296875
1781041380006751500,9.16275146484375,-0.1258382350206375,0.6304129362106323,0.2785545587539673
1781041380016853000,9.17285302734375,-0.2064724564552307,0.66584312915802,0.0452040284872055
1781041380047095800,9.203095703125,-0.5461135506629944,0.4410447180271148,-0.1466076523065567
1781041380057166600,9.21316650390625,-0.3921754956245422,0.4251621961593628,0.0232128798961639
1781041380067237400,9.2232373046875,-0.2394591718912124,0.4483750760555267,0.2590068578720093
1781041380077277700,9.233277587890624,-0.1759291887283325,0.4984660446643829,0.4288274049758911
1781041380087379000,9.24337890625,-0.1893682330846786,0.5473352670669556,0.4715879559516907
1781041380097480400,9.25348046875,-0.2089159190654754,0.5241223573684692,0.4190535545349121
1781041380107551200,9.26355126953125,-0.230907067656517,0.4239404797554016,0.3090978264808655
1781041380117560800,9.273560791015624,-0.2675589919090271,0.3298672437667846,0.1429424732923507
1781041380137733000,9.293733154296875,-0.2993239760398865,0.3384193480014801,0.0024434609804302
1781041380147804000,9.303803955078124,-0.3164281845092773,0.3066543638706207,0.1881465017795562
1781041380157874700,9.313874755859375,-0.3824016451835632,0.2553416788578033,0.3665191531181335
1781041380167976000,9.323975830078124,-0.4141666293144226,0.2076941877603531,0.442266434431076
1781041380178046700,9.334046630859374,-0.3933972120285034,0.1844813078641891,0.3872885704040527
1781041380188117500,9.344117431640624,-0.3445279896259308,0.1918116807937622,0.2015855312347412
1781041380198188300,9.354188232421874,-0.3530801236629486,0.2443460971117019,0.0244346093386411
1781041380208289800,9.364289794921875,-0.3481931984424591,0.3665191531181335,-0.0647517144680023
1781041380218329900,9.374329833984374,-0.3249803185462951,0.4825835525989532,0.0207694191485643
1781041380228400600,9.384400634765624,-0.3457497358322143,0.5192354321479797,0.2125810980796814
1781041380248511700,9.40451171875,-0.384845107793808,0.4593706727027893,0.5913175344467163
1781041380339271200,9.495271240234375,-0.371406078338623,0.3188716471195221,0.4605923891067505
1781041380399787500,9.55578759765625,-0.4019493460655212,0.2528982162475586,0.1795943826436996
1781041380409858300,9.5658583984375,-0.2797762751579284,0.2480112910270691,0.4190535545349121
1781041380419959600,9.57595947265625,-0.1832595765590667,0.2834414839744568,0.5167919993400574
1781041380430030300,9.5860302734375,-0.1759291887283325,0.2932153046131134,0.5021312236785889
1781041380450202600,9.60620263671875,-0.2785545587539673,0.2858849465847015,0.1563815027475357
1781041380460273400,9.6162734375,-0.2333505302667617,0.261450320482254,-0.0317649915814399
1781041380470344200,9.62634423828125,-0.1832595765590667,0.2357939779758453,-0.1734857261180877
1781041380480445400,9.636445556640624,-0.1539380401372909,0.2052507251501083,-0.2052507251501083
1781041380490546700,9.646546630859374,-0.1099557429552078,0.1759291887283325,-0.1380555480718612
1781041380500617500,9.656617431640624,-0.0647517144680023,0.1282816976308822,-0.0048869219608604
1781041380540900900,9.69690087890625,0.0842994004487991,0.1111774742603302,-0.0439822971820831
1781041380571143700,9.727143798828124,0.090408056974411,0.0684169083833694,-0.2357939779758453
1781041380581245000,9.737244873046874,0.1759291887283325,0.0928515195846557,-0.2015855312347412
1781041380591315700,9.747315673828124,0.1966986060142517,0.0952949747443199,-0.1356120854616165
1781041380611488000,9.767488037109375,0.2003637999296188,0.0769690200686454,-0.0329867228865623
1781041380621589200,9.77758935546875,0.1820378452539444,0.0733038261532783,-0.0109955742955207
1781041380661872400,9.817872314453124,0.180816113948822,-0.1050688251852989,-0.1783726513385772
1781041380682014000,9.838013916015624,0.230907067656517,-0.1490511149168014,-0.5070181488990784
1781041380692084700,9.848084716796874,0.2687807083129883,-0.1783726513385772,-0.4960225820541382
1781041380702155500,9.858155517578124,0.3359758853912353,-0.1661553531885147,-0.4276056587696075
1781041380712257000,9.868257080078124,0.3555235862731933,-0.2015855312347412,-0.2895501255989074
1781041380722266600,9.8782666015625,0.3628539443016052,-0.2761110961437225,-0.0757472887635231
1781041380732337400,9.88833740234375,0.4105014503002167,-0.2871066629886627,0.0256563406437635
1781041380742408400,9.898408447265624,0.4153883755207062,-0.2736676335334778,-0.0354301854968071
1781041380762580500,9.91858056640625,0.3665191531181335,-0.3799581825733185,-0.2492330223321914
1781041380772651300,9.9286513671875,0.3152064681053161,-0.3933972120285034,-0.304210901260376
1781041380782752500,9.93875244140625,0.2431243658065796,-0.4153883755207062,-0.3408628106117248
1781041380792853800,9.948853759765624,0.2162462919950485,-0.4825835525989532,-0.3103195428848266
1781041380802924800,9.9589248046875,0.2797762751579284,-0.5302310585975647,-0.2382374405860901
1781041380812995600,9.96899560546875,0.3335324227809906,-0.5571091175079346,-0.1783726513385772
1781041380823066400,9.97906640625,0.280998021364212,-0.5827654600143433,-0.1123992055654525
1781041380833137200,9.98913720703125,0.2125810980796814,-0.5852088928222656,-0.1258382350206375
1781041380843238400,9.99923828125,0.1832595765590667,-0.5998696684837341,-0.1966986060142517
1781041380863380000,10.0193798828125,0.2040289938449859,-0.5937610268592834,-0.1624901592731475
1781041380933814500,10.089814453125,0.1685988008975982,-0.5925393104553223,-0.4129449129104614
1781041380943854800,10.099854736328124,0.2028072625398636,-0.5998696684837341,-0.3762930035591125
1781041380974067200,10.130067138671874,0.3689626157283783,-0.675616979598999,-0.1160643994808197
1781041381024421400,10.18042138671875,0.3494149148464203,-0.7782423496246338,-0.375071257352829
1781041381034522600,10.190522705078124,0.3103195428848266,-0.8478809595108032,-0.2858849465847015
1781041381044624000,10.200623779296874,0.2895501255989074,-0.8442157506942749,-0.1698205322027206
1781041381054725000,10.21072509765625,0.2651155292987823,-0.8112290501594543,-0.1869247704744339
1781041381064796000,10.2207958984375,0.1857030391693115,-0.8344419002532959,-0.1991420686244964
1781041381074867000,10.230866943359375,0.1258382350206375,-0.8246681094169617,-0.1869247704744339
1781041381084937700,10.240937744140624,0.1111774742603302,-0.7061602473258972,-0.1490511149168014
1781041381105140200,10.26114013671875,0.1759291887283325,-0.656069278717041,-0.261450320482254
1781041381115211000,10.2712109375,0.1698205322027206,-0.6670648455619812,-0.3078760802745819
1781041381125281800,10.28128173828125,0.140499010682106,-0.6194173693656921,-0.3408628106117248
1781041381135352600,10.2913525390625,0.0891863256692886,-0.5558874011039734,-0.3579670190811157
1781041381145423400,10.30142333984375,0.1136209368705749,-0.5351179838180542,-0.3054326176643371
1781041381155494100,10.311494140625,0.1466076523065567,-0.5155702829360962,-0.1734857261180877
1781041381165565200,10.321565185546875,0.1624901592731475,-0.4508185386657715,-0.0769690200686454
1781041381175666400,10.33166650390625,0.1893682330846786,-0.384845107793808,-0.1246165111660957
1781041381185737200,10.3417373046875,0.2174680233001709,-0.351858377456665,-0.2492330223321914
1781041381205848300,10.361848388671875,0.1319468915462494,-0.167377084493637,-0.4349360466003418
1781041381215919000,10.371919189453124,0.1282816976308822,-0.0794124826788902,-0.4801400899887085
1781041381225959400,10.38195947265625,0.2357939779758453,-0.0940732508897781,-0.3836233615875244
1781041381235999700,10.391999755859375,0.371406078338623,-0.0806342139840126,-0.1551597714424133
1781041381246070500,10.402070556640624,0.3872885704040527,0.0036651915870606,-0.0183259565383195
1781041381266212000,10.422212158203124,0.2455678284168243,0.1637118905782699,0.0329867228865623
1781041381306495200,10.4624951171875,0.3396410644054413,0.4178318381309509,-0.1600466966629028
1781041381336677000,10.492677001953124,0.3323107063770294,0.5314527750015259,-0.1466076523065567
1781041381346717400,10.502717529296875,0.304210901260376,0.779464066028595,0.0574213340878486
1781041381356788200,10.512788330078124,0.2138028293848037,0.9346238374710084,-0.1539380401372909
1781041381366889500,10.522889404296874,0.1918116807937622,0.9639453291893004,-0.3897320330142975
1781041381376960300,10.532960205078124,0.1844813078641891,1.0018190145492554,-0.3872885704040527
1781041381387000600,10.54300048828125,0.1942551434040069,1.2205088138580322,-0.3005456924438476
1781041381397071400,10.5530712890625,0.1466076523065567,1.4062118530273438,-0.2247984111309051
1781041381407172600,10.563172607421874,0.1038470938801765,1.4367550611495972,0.0146607663482427
1781041381427375400,10.583375244140624,0.251676470041275,1.6175711154937744,0.0965167060494422
1781041381437446100,10.593446044921874,0.3176499307155609,1.6493362188339231,0.0696386396884918
1781041381457618200,10.6136181640625,0.3054326176643371,1.920560359954834,-0.4434881806373596
1781041381477760000,10.633760009765624,0.1356120854616165,1.958433985710144,-0.7281513810157776
1781041381487861200,10.643861328125,0.1588249653577804,2.024407386779785,-0.616973876953125
1781041381497962500,10.65396240234375,0.2199114859104156,2.070833206176758,-0.2223549485206604
1781041381508033300,10.664033203125,0.2150245606899261,2.107485055923462,0.1991420686244964
1781041381518134500,10.674134521484374,0.2138028293848037,2.1172590255737305,0.4300491213798523
1781041381528236000,10.684236083984375,0.1881465017795562,2.0610592365264893,0.4373795092105865
1781041381608802300,10.76480224609375,0.1832595765590667,1.451415777206421,0.3738495409488678
1781041381618903800,10.77490380859375,0.0500909499824047,1.3573426008224487,0.36529740691185
1781041381659309000,10.81530908203125,0.1527163088321685,0.977384388446808,-0.8307767510414124
1781041381699653000,10.855653076171874,0.0940732508897781,-0.230907067656517,0.4117231667041778
1781041381709785000,10.86578515625,0.6352998614311218,-0.2590068578720093,0.7745771408081055
1781041381719886300,10.87588623046875,0.759916365146637,-0.1490511149168014,0.6426302194595337
1781041381729987600,10.885987548828124,0.4129449129104614,-0.1417207419872284,0.090408056974411
1781041381740089000,10.896089111328124,0.0488692186772823,-0.3811798989772796,-0.4471533596515655
1781041381750190300,10.9061904296875,-0.0048869219608604,-0.7916813492774963,-0.598647952079773
1781041381760291600,10.91629150390625,0.2968805134296417,-1.0604621171951294,-0.3200933933258056
1781041381770362400,10.9263623046875,0.7318165898323059,-1.0384708642959597,0.0427605658769607
1781041381780494300,10.936494384765624,0.8442157506942749,-0.978606104850769,0.2138028293848037
1781041381790595600,10.946595703125,0.5436700582504272,-0.9896016716957092,0.2272418737411499
1781041381800666400,10.956666259765624,0.0464257597923278,-1.1020009517669678,0.0928515195846557
1781041381810767600,10.966767578125,-0.351858377456665,-1.4001030921936035,-0.0305432621389627
1781041381830970400,10.986970458984375,-0.3017674386501312,-1.9242255687713623,-0.0427605658769607
1781041381851172900,11.0071728515625,0.0525344125926494,-1.7641788721084597,-0.2125810980796814
1781041381861274400,11.0172744140625,-0.1783726513385772,-1.7348573207855225,-0.1197295859456062
1781041381871375600,11.027375732421875,-0.5290092825889587,-1.6798794269561768,0.0268780700862407
1781041381891578400,11.047578369140624,-0.8772025108337402,-1.7018705606460571,-0.0952949747443199
1781041381911780900,11.06778076171875,-0.5571091175079346,-1.6603317260742188,-0.0097738439217209
1781041381931983600,11.087983642578124,-0.6194173693656921,-1.6701055765151978,0.3555235862731933
1781041381942115300,11.098115234375,-0.5864306092262268,-1.5992451906204224,0.4178318381309509
1781041381952216600,11.108216552734374,-0.46547931432724,-1.4343116283416748,0.0525344125926494
1781041381962318000,11.118318115234375,-0.2724458873271942,-1.408655285835266,-0.2858849465847015
1781041381982520600,11.1385205078125,-0.0659734457731247,-1.4037683010101318,-0.0403171069920063
1781041381992621800,11.148621826171874,-0.1050688251852989,-1.4489723443984983,0.3591887652873993
1781041382012824600,11.168824462890624,-0.3225368559360504,-1.6468926668167114,0.7476990818977356
1781041382022925800,11.17892578125,-0.2956587672233581,-1.8374826908111572,0.8967501521110535
1781041382033027300,11.18902734375,-0.0158824957907199,-1.693318486213684,0.8967501521110535
1781041382053260300,11.20926025390625,0.1148426681756973,-0.675616979598999,-0.130725160241127
1781041382063361800,11.21936181640625,-0.1380555480718612,-0.4214970171451568,-0.3628539443016052
1781041382073463000,11.229463134765624,-0.2748893499374389,-0.3384193480014801,-0.2687807083129883
1781041382144050200,11.30005029296875,0.1539380401372909,0.504574716091156,-1.2315043210983276
1781041382154121000,11.310120849609374,-0.2773328125476837,0.384845107793808,-0.6866125464439392
1781041382164222200,11.32022216796875,-0.6096435189247131,0.1368338167667389,-0.1050688251852989
1781041382184333300,11.340333251953124,-0.2675589919090271,-0.4019493460655212,1.0384708642959597
1781041382194404000,11.350404052734374,0.4337143301963806,-0.107512280344963,1.0201449394226074
1781041382204475000,11.360474853515624,0.7428121566772461,0.3127630054950714,0.342084527015686
1781041382214576400,11.370576416015624,0.4862487316131592,0.5619960427284241,-0.2687807083129883
1781041382224647200,11.380647216796875,0.0916297882795333,0.5974262356758118,-0.6304129362106323
1781041382244758300,11.40075830078125,-0.0965167060494422,0.4153883755207062,-0.5070181488990784
1781041382254829000,11.4108291015625,0.0048869219608604,0.3347541689872741,-0.1661553531885147
1781041382325355000,11.48135498046875,0.1600466966629028,0.7012733221054077,-0.5485569834709167
1781041382335425800,11.49142578125,0.2247984111309051,0.7293730974197388,-0.2871066629886627
1781041382405921500,11.561921630859375,-0.0696386396884918,0.6976081132888794,-0.2272418737411499
1781041382476417000,11.6324169921875,-0.271224170923233,0.5583308339118958,0.3127630054950714
1781041382557075200,11.7130751953125,-0.230907067656517,0.5754350423812866,0.3933972120285034
1781041382637733000,11.793733154296875,-0.1441642045974731,0.46547931432724,0.750142514705658
1781041382698188300,11.854188232421874,-0.2602286040782928,0.2981022298336029,0.1246165111660957
1781041382708289800,11.864289794921875,-0.2663372457027435,0.2565633952617645,0.4288274049758911
1781041382728461800,11.8844619140625,-0.3237585723400116,0.2125810980796814,0.5241223573684692
1781041382738532600,11.89453271484375,-0.4630358517169952,0.2577851414680481,0.2907718420028686
1781041382768806100,11.92480615234375,-0.5852088928222656,0.3139847218990326,-0.0525344125926494
1781041382778877000,11.934876953125,-0.5546656250953674,0.2858849465847015,0.1514945775270462
1781041382788947700,11.94494775390625,-0.5754350423812866,0.2467895597219467,0.3970624208450317
1781041382799018500,11.9550185546875,-0.5265658497810364,0.2846632003784179,0.5742133259773254
1781041382809089300,11.96508935546875,-0.4825835525989532,0.2455678284168243,0.4703662395477295
1781041382819190500,11.9751904296875,-0.5143485069274902,0.1942551434040069,0.442266434431076
1781041382829230800,11.98523095703125,-0.485027015209198,0.2700024247169494,0.304210901260376
1781041382839332000,11.99533203125,-0.4312708675861358,0.2785545587539673,0.1466076523065567
1781041382849433600,12.00543359375,-0.3396410644054413,0.1930334120988845,0.2064724564552307
1781041382889777700,12.045777587890624,-0.051312681287527,0.1343903541564941,0.1258382350206375
1781041382920020700,12.076020751953124,-0.0476474873721599,0.130725160241127,0.0720821022987365
1781041382960303900,12.116303955078124,0.0500909499824047,0.090408056974411,-0.1612684279680252
1781041382980415000,12.1364150390625,0.1246165111660957,0.0623082555830478,-0.1795943826436996
1781041383020667600,12.176667724609375,0.1502728462219238,0.0403171069920063,-0.0219911485910415
1781041383061042400,12.21704248046875,0.0659734457731247,0.0073303831741213,-0.2296853363513946
1781041383071113200,12.22711328125,0.0708603709936142,0.0061086523346602,-0.2565633952617645
1781041383081214500,12.23721435546875,0.0879645943641662,-0.0158824957907199,-0.2150245606899261
1781041383091254800,12.2472548828125,0.1221730485558509,-0.0109955742955207,-0.1722639948129654
1781041383101356000,12.25735595703125,0.1441642045974731,-0.0232128798961639,-0.1380555480718612
1781041383111426800,12.2674267578125,0.157603234052658,-0.0415388382971286,-0.1038470938801765
1781041383121497600,12.27749755859375,0.180816113948822,-0.0232128798961639,-0.1429424732923507
1781041383141639200,12.29763916015625,0.1905899494886398,-0.0830776765942573,-0.1820378452539444
1781041383151710200,12.307710205078124,0.261450320482254,-0.0488692186772823,-0.140499010682106
1781041383161781000,12.317781005859375,0.3298672437667846,-0.0171042270958423,-0.1295034289360046
1781041383191963000,12.347962890625,0.3921754956245422,-0.2174680233001709,-0.0659734457731247
1781041383212135000,12.368135009765624,0.3860668241977691,-0.3164281845092773,-0.2199114859104156
1781041383232276500,12.3882763671875,0.3469714522361755,-0.3567453026771545,-0.3824016451835632
1781041383242316800,12.39831689453125,0.3775147199630737,-0.3640756905078888,-0.4508185386657715
1781041383252387600,12.4083876953125,0.4178318381309509,-0.4141666293144226,-0.46547931432724
1781041383262488800,12.41848876953125,0.3909537494182586,-0.4886921942234039,-0.4068362414836883
1781041383272559600,12.4285595703125,0.3371976017951965,-0.5290092825889587,-0.3506366610527038
1781041383302833200,12.458833251953124,0.2858849465847015,-0.5510004758834839,-0.4214970171451568
1781041383312904000,12.468904052734375,0.2003637999296188,-0.5387831330299377,-0.5351179838180542
1781041383322974700,12.478974609375,0.1185078546404838,-0.5632177591323853,-0.5351179838180542
1781041383333045500,12.48904541015625,0.0965167060494422,-0.5937610268592834,-0.432492583990097
1781041383343116300,12.4991162109375,0.1185078546404838,-0.618195652961731,-0.3213151097297668
1781041383353156600,12.509156494140624,0.1502728462219238,-0.6414085030555725,-0.2223549485206604
1781041383363257900,12.5192578125,0.2235766798257827,-0.6438519954681396,-0.1881465017795562
1781041383383399400,12.5393994140625,0.3213151097297668,-0.6792821288108826,-0.1869247704744339
1781041383403571700,12.55957177734375,0.2700024247169494,-0.7354817390441895,-0.2883284091949463
1781041383413642500,12.569642578125,0.2162462919950485,-0.769690215587616,-0.3237585723400116
1781041383443854800,12.599854736328124,0.2871066629886627,-0.8283332586288452,-0.2321287989616394
1781041383453925600,12.609925537109374,0.2956587672233581,-0.8234463334083557,-0.2272418737411499
1781041383474036700,12.63003662109375,0.2846632003784179,-0.7965682744979858,-0.1930334120988845
1781041383484138000,12.640137939453124,0.2907718420028686,-0.7562511563301086,-0.1612684279680252
1781041383494208800,12.650208740234374,0.3152064681053161,-0.7415903806686401,-0.2260201424360275
1781041383504279600,12.660279541015624,0.2773328125476837,-0.7648032903671265,-0.2296853363513946
1781041383524421400,12.68042138671875,0.2333505302667617,-0.6389650702476501,-0.2370157092809677
1781041383534522600,12.690522705078124,0.2724458873271942,-0.6609562039375305,-0.1417207419872284
1781041383544593400,12.700593505859375,0.2785545587539673,-0.7012733221054077,0.0219911485910415
1781041383554633700,12.7106337890625,0.2773328125476837,-0.6279694437980652,0.0415388382971286
1781041383564735000,12.72073486328125,0.2431243658065796,-0.5387831330299377,-0.0329867228865623
1781041383574805800,12.7308056640625,0.1600466966629028,-0.4838052690029144,-0.1258382350206375
1781041383584876500,12.74087646484375,0.1111774742603302,-0.4691445231437683,-0.2125810980796814
1781041383605018000,12.76101806640625,0.1258382350206375,-0.3469714522361755,-0.1209513172507286
1781041383615089000,12.7710888671875,0.1429424732923507,-0.3103195428848266,-0.1233947798609733
1781041383625159700,12.78115966796875,0.130725160241127,-0.3237585723400116,-0.0757472887635231
1781041383635230700,12.791230712890624,0.1698205322027206,-0.2687807083129883,-0.1185078546404838
1781041383645332000,12.80133203125,0.1747074574232101,-0.1930334120988845,-0.1991420686244964
1781041383655433200,12.81143310546875,0.1832595765590667,-0.1539380401372909,-0.2015855312347412
1781041383665565200,12.821565185546875,0.2296853363513946,-0.1319468915462494,-0.1160643994808197
1781041383675666400,12.83166650390625,0.2455678284168243,-0.0818559452891349,-0.0207694191485643
1781041383685767700,12.841767578125,0.2431243658065796,-0.0061086523346602,-0.0280998013913631
1781041383695869000,12.851868896484374,0.2871066629886627,0.0452040284872055,-0.1429424732923507
1781041383705970400,12.861970458984375,0.36529740691185,0.0733038261532783,-0.2663372457027435
1781041383716071700,12.87207177734375,0.4019493460655212,0.1209513172507286,-0.2700024247169494
1781041383726142500,12.882142578125,0.3469714522361755,0.2223549485206604,-0.2003637999296188
1781041383736243700,12.89224365234375,0.2467895597219467,0.3115412890911102,-0.0867428630590438
1781041383746345200,12.90234521484375,0.2565633952617645,0.3921754956245422,0.0012217304902151
1781041383756416000,12.912416015625,0.2968805134296417,0.4508185386657715,0.0452040284872055
1781041383766517200,12.922517333984375,0.3115412890911102,0.5326744914054871,0.0879645943641662
1781041383786689300,12.942689208984374,0.1539380401372909,0.7195992469787598,0.0097738439217209
1781041383796760000,12.952760009765624,0.0757472887635231,0.8161159753799438,-0.1527163088321685
1781041383806861600,12.962861572265624,0.0305432621389627,0.8381071090698242,-0.167377084493637
1781041383827094500,12.983094482421874,0.1893682330846786,1.080009698867798,-0.2419026345014572
1781041383837196000,12.993196044921875,0.0855211317539215,1.1435397863388062,-0.2064724564552307
1781041383857398500,13.0133984375,-0.0806342139840126,1.2608258724212646,-0.1197295859456062
1781041383867499800,13.023499755859374,-0.0635299831628799,1.3573426008224487,-0.0232128798961639
1781041383877601300,13.033601318359375,0.0048869219608604,1.529606580734253,-0.0623082555830478
1781041383887702500,13.04370263671875,0.0378736443817615,1.6224581003189087,-0.0268780700862407
1781041383897803800,13.0538037109375,0.0403171069920063,1.665218710899353,0.0794124826788902
1781041383907905300,13.0639052734375,0.0109955742955207,1.6908750534057615,0.1356120854616165
1781041383918006500,13.074006591796875,-0.0122173046693205,1.711644411087036,0.0769690200686454
1781041383928107800,13.084107666015624,-0.0806342139840126,1.7153096199035645,0.0109955742955207
1781041383948341000,13.104341064453124,-0.1563815027475357,1.7544050216674805,-0.261450320482254
1781041383958442200,13.114442138671874,-0.1123992055654525,1.7739527225494385,-0.3005456924438476
1781041383968543500,13.12454345703125,-0.0806342139840126,1.843591332435608,-0.1722639948129654
1781041383978645000,13.13464501953125,-0.0537561401724815,1.9645426273345947,-0.0403171069920063
1781041383988746200,13.144746337890624,-0.0696386396884918,2.032959461212158,0.051312681287527
1781041383998847500,13.154847412109374,-0.1014036312699318,1.99752938747406,0.0574213340878486
1781041384008887800,13.1648876953125,-0.1111774742603302,1.8863518238067627,0.0635299831628799
1781041384019019800,13.175019775390624,-0.0952949747443199,1.7788395881652832,-0.0146607663482427
1781041384029121000,13.18512109375,-0.0965167060494422,1.6468926668167114,-0.1001818999648094
1781041384039222300,13.19522216796875,-0.0146607663482427,1.5369369983673096,-0.2504547536373138
1781041384049323500,13.205323486328124,0.0745255574584007,1.3939944505691528,-0.342084527015686
1781041384059455500,13.21545556640625,0.0977384373545646,1.281595230102539,-0.3029891550540924
1781041384079719200,13.23571923828125,0.0757472887635231,1.0213667154312134,-0.2125810980796814
1781041384089851000,13.245850830078124,0.0427605658769607,0.740368664264679,-0.058643065392971
1781041384099952400,13.255952392578124,0.058643065392971,0.4715879559516907,0.1038470938801765
1781041384110053600,13.2660537109375,0.0928515195846557,0.280998021364212,0.2345722615718841
1781041384120155000,13.27615478515625,0.0867428630590438,0.2345722615718841,0.2052507251501083
1781041384140388000,13.29638818359375,-0.1001818999648094,0.1356120854616165,-0.3433062732219696
1781041384190955800,13.346955810546875,0.0818559452891349,-0.7464773058891296,-0.058643065392971
1781041384201057000,13.35705712890625,0.1209513172507286,-0.9370672702789308,0.051312681287527
1781041384211188700,13.367188720703124,0.157603234052658,-0.9529497623443604,0.1649336218833923
1781041384221290200,13.377290283203124,0.1637118905782699,-0.8625417351722717,0.1905899494886398
1781041384231422000,13.387421875,0.1148426681756973,-0.799011766910553,0.0769690200686454
1781041384241523200,13.397523193359374,0.0012217304902151,-0.9199630618095398,-0.0219911485910415
1781041384251624700,13.407624755859375,-0.0977384373545646,-1.2107349634170532,0.0720821022987365
1781041384261726000,13.417725830078124,-0.0867428630590438,-1.4831807613372805,0.2981022298336029
1781041384271857700,13.427857666015624,0.0452040284872055,-1.5332717895507812,0.3787364661693573
1781041384281959200,13.437959228515624,0.130725160241127,-1.4001030921936035,0.1820378452539444
1781041384292030000,13.448030029296875,0.0244346093386411,-1.320690631866455,-0.1270599663257599
1781041384302131200,13.458131103515624,-0.1857030391693115,-1.3952162265777588,-0.3176499307155609
1781041384312263200,13.46826318359375,-0.3836233615875244,-1.5430456399917605,-0.3249803185462951
1781041384322364400,13.478364501953124,-0.5021312236785889,-1.67254900932312,-0.2345722615718841
1781041384332435200,13.488435302734375,-0.5021312236785889,-1.7165313959121704,-0.1185078546404838
1781041384342536400,13.498536376953124,-0.4153883755207062,-1.6762142181396484,-0.167377084493637
1781041384352607200,13.508607177734374,-0.3029891550540924,-1.626123309135437,-0.2467895597219467
1781041384372779500,13.528779541015624,-0.2553416788578033,-1.368338108062744,-0.2553416788578033
1781041384382819600,13.538819580078124,-0.3249803185462951,-1.3732250928878784,-0.1991420686244964
1781041384443336000,13.5993359375,0.2150245606899261,-1.361007809638977,0.2040289938449859
1781041384493751000,13.6497509765625,-0.2871066629886627,-0.95783668756485,0.304210901260376
1781041384554114800,13.71011474609375,-0.1417207419872284,-0.1014036312699318,-0.1331686228513717
1781041384624671500,13.78067138671875,0.2602286040782928,0.1136209368705749,-0.0390953756868839
1781041384674903600,13.830903564453124,-0.0452040284872055,0.0146607663482427,-0.1185078546404838
1781041384715278000,13.871278076171874,-0.0317649915814399,0.2150245606899261,0.230907067656517
1781041384765693200,13.921693115234374,-0.0659734457731247,0.4495968222618103,-0.1490511149168014
1781041384846259700,14.002259765625,0.0549778714776039,0.5913175344467163,0.230907067656517
1781041384856300000,14.012300048828124,0.0366519130766391,0.5497786998748779,-0.0232128798961639
1781041384936927500,14.092927490234375,-0.0720821022987365,0.5534439086914062,0.3347541689872741
1781041384946998300,14.102998291015624,-0.1881465017795562,0.4813618063926697,0.1417207419872284
1781041384957069000,14.113069091796875,-0.2284636050462722,0.394618958234787,0.0916297882795333
1781041384977210600,14.133210693359375,-0.1514945775270462,0.3970624208450317,0.2260201424360275
1781041384997352200,14.153352294921875,-0.2382374405860901,0.4337143301963806,0.2797762751579284
1781041385007453400,14.163453369140624,-0.271224170923233,0.3628539443016052,0.280998021364212
1781041385017554700,14.1735546875,-0.2846632003784179,0.3530801236629486,0.2162462919950485
1781041385027625700,14.183625732421875,-0.3017674386501312,0.3762930035591125,0.1820378452539444
1781041385037665800,14.193665771484374,-0.3481931984424591,0.3872885704040527,0.2565633952617645
1781041385047706000,14.2037060546875,-0.3640756905078888,0.4190535545349121,0.2675589919090271
1781041385057777000,14.21377685546875,-0.3323107063770294,0.4605923891067505,0.2125810980796814
1781041385067878400,14.22387841796875,-0.2822197377681732,0.4495968222618103,0.1551597714424133
1781041385077949200,14.23394921875,-0.251676470041275,0.3836233615875244,0.1588249653577804
1781041385138374000,14.294373779296874,-0.5094616413116455,0.1966986060142517,0.351858377456665
1781041385178596000,14.33459619140625,-0.5558874011039734,0.3506366610527038,0.0684169083833694
1781041385188667000,14.3446669921875,-0.5436700582504272,0.304210901260376,0.294437050819397
1781041385198737700,14.354737548828124,-0.5363397002220154,0.3029891550540924,0.3836233615875244
1781041385208839000,14.3648388671875,-0.4764748811721802,0.3286454975605011,0.2785545587539673
1781041385228980500,14.38498046875,-0.271224170923233,0.4483750760555267,0.1453859210014343
1781041385249122300,14.405122314453124,-0.4056145250797272,0.616973876953125,0.1392772793769836
1781041385259223600,14.4152236328125,-0.4080579876899719,0.6230825781822205,0.1441642045974731
1781041385279365000,14.435365234375,-0.2553416788578033,0.4728097021579742,0.2846632003784179
1781041385299506700,14.455506591796874,-0.4911356568336487,0.4300491213798523,0.3982841372489929
1781041385309577500,14.465577392578124,-0.5021312236785889,0.3371976017951965,0.3090978264808655
1781041385319648300,14.475648193359374,-0.2565633952617645,0.2932153046131134,0.098960168659687
1781041385329719000,14.485718994140624,-0.221133217215538,0.280998021364212,0.0012217304902151
1781041385339820500,14.495820556640624,-0.3591887652873993,0.2956587672233581,-0.0525344125926494
1781041385349891300,14.505891357421875,-0.3921754956245422,0.2785545587539673,-0.1649336218833923
1781041385380073200,14.5360732421875,-0.2089159190654754,0.130725160241127,0.1563815027475357
1781041385390174500,14.546174560546875,-0.171042263507843,0.1600466966629028,0.147829383611679
1781041385420386800,14.57638671875,-0.1099557429552078,0.1698205322027206,-0.3090978264808655
1781041385430488000,14.586488037109374,-0.1270599663257599,0.1747074574232101,-0.4361577928066253
1781041385460700700,14.61670068359375,0.0476474873721599,0.0293215326964855,-0.0048869219608604
1781041385470710300,14.626710205078124,0.0390953756868839,-0.0195476878434419,0.0036651915870606
1781041385480811500,14.6368115234375,0.0293215326964855,-0.0403171069920063,-0.0867428630590438
1781041385511054600,14.6670546875,0.107512280344963,0.0109955742955207,-0.280998021364212
1781041385531226600,14.6872265625,0.1123992055654525,0.0036651915870606,-0.098960168659687
1781041385551399000,14.70739892578125,0.2015855312347412,0.0280998013913631,0.0207694191485643
1781041385561469700,14.7174697265625,0.1942551434040069,0.0427605658769607,0.0122173046693205
1781041385571510000,14.727510009765624,0.1905899494886398,0.0427605658769607,-0.0537561401724815
1781041385591682000,14.74768212890625,0.1368338167667389,0.0207694191485643,-0.1026253625750541
1781041385601752800,14.7577529296875,0.1001818999648094,0.0232128798961639,-0.1185078546404838
1781041385611823600,14.76782373046875,0.1050688251852989,0.0122173046693205,-0.130725160241127
1781041385621924900,14.7779248046875,0.1527163088321685,0.0073303831741213,-0.140499010682106
1781041385631995600,14.78799560546875,0.2040289938449859,0.0061086523346602,-0.1233947798609733
1781041385642097200,14.79809716796875,0.2357939779758453,0.0012217304902151,-0.1319468915462494
1781041385652168000,14.80816796875,0.2186897546052932,-0.0366519130766391,-0.1246165111660957
1781041385662269200,14.818269287109375,0.2382374405860901,-0.0781907513737678,-0.1111774742603302
1781041385672309500,14.8283095703125,0.230907067656517,-0.090408056974411,-0.0708603709936142
1781041385682380300,14.83838037109375,0.2357939779758453,-0.0806342139840126,-0.0207694191485643
1781041385692481500,14.8484814453125,0.3029891550540924,-0.1111774742603302,0.0195476878434419
1781041385702552300,14.85855224609375,0.3323107063770294,-0.1453859210014343,0.0219911485910415
1781041385712592600,14.868592529296874,0.3164281845092773,-0.1417207419872284,-0.058643065392971
1781041385722694000,14.87869384765625,0.2785545587539673,-0.1624901592731475,-0.1734857261180877
1781041385732764700,14.8887646484375,0.2748893499374389,-0.1991420686244964,-0.2064724564552307
1781041385752845300,14.90884521484375,0.3970624208450317,-0.2003637999296188,-0.1490511149168014
1781041385772987000,14.92898681640625,0.3872885704040527,-0.3274237811565399,-0.0733038261532783
1781041385783057700,14.9390576171875,0.3555235862731933,-0.3481931984424591,-0.1539380401372909
1781041385793098000,14.949097900390624,0.2907718420028686,-0.394618958234787,-0.2455678284168243
1781041385803199200,14.95919921875,0.2577851414680481,-0.4251621961593628,-0.2907718420028686
1781041385823371500,14.97937158203125,0.3775147199630737,-0.4007275998592376,-0.2675589919090271
1781041385833442300,14.9894423828125,0.3628539443016052,-0.3787364661693573,-0.2956587672233581
1781041385893958700,15.049958740234375,0.2834414839744568,-0.4544837474822998,-0.1588249653577804
1781041385904029400,15.060029541015624,0.2748893499374389,-0.4813618063926697,-0.1392772793769836
1781041385914100200,15.070100341796875,0.2626720666885376,-0.4960225820541382,-0.1368338167667389
1781041385994880300,15.15088037109375,0.2504547536373138,-0.5815436840057373,0.0329867228865623
1781041386015052300,15.17105224609375,0.3152064681053161,-0.6218608021736145,0.0122173046693205
1781041386045356300,15.201356201171874,0.2345722615718841,-0.6340781450271606,-0.067195177078247
1781041386126197500,15.282197509765624,0.2748893499374389,-0.5607742667198181,0.0232128798961639
1781041386136298800,15.292298828125,0.2638937830924988,-0.5717698931694031,0.0
1781041386186835700,15.342835693359374,0.261450320482254,-0.5180137157440186,-0.3017674386501312
1781041386257545000,15.413544921875,0.1417207419872284,-0.3335324227809906,-0.2174680233001709
1781041386297950200,15.4539501953125,0.117286130785942,-0.1197295859456062,-0.0977384373545646
1781041386338325000,15.494324951171874,0.2431243658065796,-0.0171042270958423,-0.0024434609804302
1781041386348426500,15.504426513671875,0.2015855312347412,0.0354301854968071,-0.0818559452891349
1781041386388709600,15.544709716796875,0.1062905490398407,0.167377084493637,-0.1246165111660957
1781041386398780400,15.554780517578124,0.0830776765942573,0.2321287989616394,-0.0610865242779254
1781041386429054000,15.585053955078124,0.1258382350206375,0.452040284872055,-0.1331686228513717
1781041386519630000,15.675630126953124,0.0818559452891349,0.9663888216018676,-0.0574213340878486
1781041386529670400,15.68567041015625,0.1466076523065567,1.1020009517669678,-0.167377084493637
1781041386600074200,15.75607421875,0.1319468915462494,1.5222761631011963,0.0219911485910415
1781041386650519800,15.806519775390624,0.0891863256692886,1.4465289115905762,0.1368338167667389
1781041386731208400,15.88720849609375,-0.0940732508897781,1.138652801513672,-0.1111774742603302
1781041386781532000,15.937531982421875,-0.0305432621389627,0.6841690540313721,-0.0366519130766391
1781041386811744300,15.967744140625,0.2834414839744568,0.1832595765590667,-0.4825835525989532
1781041386852027400,16.00802734375,0.0232128798961639,-0.1637118905782699,0.1514945775270462
1781041386862098200,16.01809814453125,0.0879645943641662,-0.2981022298336029,0.2687807083129883
1781041386912482800,16.06848291015625,0.3726277947425842,-0.4801400899887085,-0.0806342139840126
1781041386962714600,16.118714599609376,-0.0048869219608604,-1.2608258724212646,1.2192870378494265
1781041386972816100,16.128816162109374,-0.0549778714776039,-1.2180652618408203,0.836885392665863
1781041386982887000,16.138886962890624,-0.167377084493637,-1.2229522466659546,0.608421802520752
1781041386992927200,16.14892724609375,-0.2553416788578033,-1.2681562900543213,0.6841690540313721
1781041387003028500,16.159028564453124,-0.3689626157283783,-1.4013248682022097,0.9395107626914978
1781041387013099300,16.169099365234374,-0.5143485069274902,-1.673770785331726,1.3622294664382937
1781041387023170000,16.179170166015624,-0.5632177591323853,-1.8765780925750732,1.8374826908111572
1781041387033210400,16.18921044921875,-0.4373795092105865,-1.7324138879776,1.8765780925750732
1781041387063361800,16.21936181640625,-0.6548475623130798,-1.4098769426345823,1.1985175609588623
1781041387073401900,16.22940185546875,-0.6890559792518616,-1.67254900932312,1.598023533821106
1781041387083533800,16.239533935546874,-0.4667010605335235,-1.7983872890472412,2.31640100479126
1781041387093604600,16.2496044921875,-0.1637118905782699,-1.610240817070007,2.965139865875244
1781041387103645000,16.25964501953125,-0.0342084541916847,-1.253495454788208,2.8820621967315674
1781041387113715700,16.2697158203125,-0.157603234052658,-1.009149432182312,2.0366246700286865
1781041387123786500,16.279786376953126,-0.3933972120285034,-0.9896016716957092,1.1716395616531372
1781041387133887700,16.2898876953125,-0.5827654600143433,-1.1227703094482422,0.7904596328735352
1781041387174201600,16.33020166015625,0.0427605658769607,-0.9468411207199096,1.9425514936447144
1781041387184302800,16.340302734375,0.0684169083833694,-0.6646214127540588,1.587027907371521
1781041387194404000,16.350404052734376,-0.0268780700862407,-0.6536257863044739,0.921184778213501
1781041387204475000,16.360474853515626,-0.2174680233001709,-0.7965682744979858,0.3567453026771545
1781041387224647200,16.380647216796874,-0.3787364661693573,-0.8356636762619019,0.304210901260376
1781041387234718000,16.390718017578124,-0.2260201424360275,-0.5436700582504272,0.6377432942390442
1781041387244788700,16.400788818359374,-0.1747074574232101,-0.2260201424360275,0.646295428276062
1781041387264960800,16.420960693359376,-0.0537561401724815,-0.1783726513385772,-0.0598647929728031
1781041387295203800,16.451203857421874,-0.3408628106117248,0.0048869219608604,-0.6707300543785095
1781041387305274600,16.461274658203124,-0.3995058834552765,0.1136209368705749,-0.5448917746543884
1781041387315375900,16.4713759765625,-0.2871066629886627,0.1698205322027206,-0.0085521135479211
1781041387325477000,16.48147705078125,-0.2162462919950485,0.2028072625398636,0.3689626157283783
1781041387335548000,16.4915478515625,-0.2345722615718841,0.1661553531885147,0.5326744914054871
1781041387355750700,16.511750732421874,-0.221133217215538,0.2296853363513946,-0.4532620012760162
1781041387365821400,16.521821533203124,-0.2638937830924988,0.3995058834552765,-0.8087855577468872
1781041387375922700,16.531922607421876,-0.2235766798257827,0.618195652961731,-0.8955284357070923
1781041387385993500,16.541993408203126,-0.3543018400669098,0.5949827432632446,-0.8894197940826416
1781041387396033800,16.55203369140625,-0.4386012554168701,0.2577851414680481,-0.4569272100925445
1781041387406104600,16.5621044921875,-0.2553416788578033,0.0232128798961639,0.0574213340878486
1781041387416175400,16.57217529296875,0.0097738439217209,0.0891863256692886,0.1026253625750541
1781041387426246100,16.58224609375,0.0757472887635231,0.2321287989616394,-0.0781907513737678
1781041387436317000,16.59231689453125,0.0659734457731247,0.3995058834552765,-0.3726277947425842
1781041387466529500,16.622529541015624,0.1466076523065567,0.2663372457027435,0.36529740691185
1781041387476569600,16.632569580078126,0.2443460971117019,0.2602286040782928,0.5461135506629944
1781041387486640400,16.642640380859376,0.1123992055654525,0.294437050819397,0.4068362414836883
1781041387496711400,16.65271142578125,0.0085521135479211,0.3066543638706207,0.0488692186772823
1781041387536994600,16.69299462890625,0.0232128798961639,0.461814135313034,-0.361632227897644
1781041387557166600,16.71316650390625,-0.0415388382971286,0.4447098970413208,-0.3005456924438476
1781041387617622000,16.7736220703125,0.0977384373545646,0.4960225820541382,-0.1343903541564941
1781041387627692800,16.78369287109375,0.067195177078247,0.5497786998748779,-0.2480112910270691
1781041387637763600,16.793763671875,0.0342084541916847,0.6438519954681396,-0.4056145250797272
1781041387647834400,16.80383447265625,-0.0097738439217209,0.6585127115249634,-0.3359758853912353
1781041387657905200,16.8139052734375,-0.0219911485910415,0.6389650702476501,-0.0207694191485643
1781041387667976000,16.823975830078126,0.0500909499824047,0.6707300543785095,0.3029891550540924
1781041387678077200,16.8340771484375,0.1014036312699318,0.7037167549133301,0.4825835525989532
1781041387688148000,16.84414794921875,0.0195476878434419,0.6524040699005127,0.5082398653030396
1781041387698218800,16.85421875,-0.107512280344963,0.5766568183898926,0.251676470041275
1781041387708350700,16.864350830078124,-0.2675589919090271,0.5827654600143433,-0.2040289938449859
1781041387718452000,16.874451904296876,-0.3078760802745819,0.66584312915802,-0.6010913848876953
1781041387728522800,16.884522705078126,-0.3103195428848266,0.6890559792518616,-0.5656611919403076
1781041387738624300,16.894624267578124,-0.3371976017951965,0.6633996367454529,-0.1991420686244964
1781041387748695000,16.904695068359374,-0.2675589919090271,0.6340781450271606,0.1380555480718612
1781041387778937900,16.934937744140626,-0.3347541689872741,0.3909537494182586,0.2284636050462722
1781041387799140600,16.955140625,-0.3799581825733185,0.5070181488990784,-0.1722639948129654
1781041387849616600,17.00561669921875,-0.2993239760398865,0.3591887652873993,0.2480112910270691
1781041387910163500,17.06616357421875,-0.3457497358322143,0.5436700582504272,-0.0769690200686454
1781041387920234200,17.076234130859376,-0.3274237811565399,0.4679227769374847,-0.1331686228513717
1781041387930335500,17.08633544921875,-0.3017674386501312,0.4459316432476043,-0.0879645943641662
1781041387940406300,17.09640625,-0.3090978264808655,0.4789183437824249,-0.0916297882795333
1781041387950446600,17.106446533203126,-0.3469714522361755,0.4361577928066253,-0.0708603709936142
1781041387960548000,17.116548095703124,-0.384845107793808,0.3738495409488678,-0.0232128798961639
1781041387980750600,17.13675048828125,-0.3323107063770294,0.3591887652873993,-0.1356120854616165
1781041387990821400,17.1468212890625,-0.2748893499374389,0.342084527015686,-0.2028072625398636
1781041388000922600,17.156922607421876,-0.1893682330846786,0.3579670190811157,-0.1502728462219238
1781041388011024100,17.167024169921874,-0.098960168659687,0.384845107793808,-0.0842994004487991
1781041388021125400,17.17712548828125,-0.1001818999648094,0.3384193480014801,-0.0097738439217209
1781041388031196200,17.187196044921876,-0.1123992055654525,0.2626720666885376,-0.0048869219608604
1781041388041297400,17.19729736328125,-0.1050688251852989,0.2101376503705978,-0.0916297882795333
1781041388051399000,17.20739892578125,-0.0769690200686454,0.1942551434040069,-0.2040289938449859
1781041388061500200,17.217500244140624,0.0,0.2345722615718841,-0.2981022298336029
1781041388071571000,17.227571044921874,0.0305432621389627,0.2492330223321914,-0.230907067656517
1781041388081672200,17.237672119140626,0.0232128798961639,0.2260201424360275,-0.051312681287527
1781041388091773400,17.2477734375,0.058643065392971,0.1722639948129654,0.2199114859104156
1781041388101875000,17.257875,0.0342084541916847,0.1453859210014343,0.107512280344963
1781041388111915300,17.267915283203124,-0.0219911485910415,0.1331686228513717,-0.117286130785942
1781041388122047000,17.278046875,-0.0696386396884918,0.1111774742603302,-0.3249803185462951
1781041388132148200,17.288148193359376,-0.0818559452891349,0.0867428630590438,-0.4080579876899719
1781041388142249700,17.298249755859374,-0.0818559452891349,0.0610865242779254,-0.3604104816913605
1781041388152351000,17.30835107421875,-0.0452040284872055,0.0354301854968071,-0.2052507251501083
1781041388162482700,17.318482666015626,0.0366519130766391,0.058643065392971,-0.0427605658769607
1781041388172584200,17.328584228515624,0.1221730485558509,0.0928515195846557,0.0342084541916847
1781041388212989400,17.368989501953124,-0.0720821022987365,0.0097738439217209,-0.294437050819397
1781041388243262700,17.3992626953125,0.0403171069920063,-0.0305432621389627,-0.2651155292987823
1781041388253364200,17.4093642578125,0.0818559452891349,-0.0256563406437635,-0.1991420686244964
1781041388283698700,17.43969873046875,0.2296853363513946,-0.0439822971820831,-0.1759291887283325
1781041388293800000,17.449800048828124,0.251676470041275,-0.0855211317539215,-0.2199114859104156
1781041388303901200,17.459901123046876,0.2333505302667617,-0.1588249653577804,-0.2162462919950485
1781041388314002700,17.470002685546874,0.2419026345014572,-0.1905899494886398,-0.2357939779758453
1781041388334205200,17.490205078125,0.2993239760398865,-0.2150245606899261,-0.2480112910270691
1781041388344306400,17.500306396484376,0.3225368559360504,-0.2235766798257827,-0.2003637999296188
1781041388354408000,17.510407958984374,0.3237585723400116,-0.2162462919950485,-0.1637118905782699
1781041388364509200,17.52050927734375,0.384845107793808,-0.2162462919950485,-0.1551597714424133
1781041388374610400,17.5306103515625,0.4092797040939331,-0.2724458873271942,-0.0965167060494422
1781041388384742400,17.540742431640624,0.3628539443016052,-0.3494149148464203,-0.0171042270958423
1781041388394843600,17.55084375,0.3555235862731933,-0.3591887652873993,0.0012217304902151
1781041388404945000,17.56094482421875,0.3469714522361755,-0.3640756905078888,-0.0623082555830478
1781041388415046100,17.571046142578126,0.3359758853912353,-0.3811798989772796,-0.1343903541564941
1781041388435249000,17.591248779296876,0.2675589919090271,-0.3359758853912353,-0.251676470041275
1781041388445350100,17.60135009765625,0.2113593816757202,-0.3384193480014801,-0.2052507251501083
1781041388455451600,17.61145166015625,0.1991420686244964,-0.3665191531181335,-0.1588249653577804
1781041388465553000,17.621552978515624,0.2003637999296188,-0.4300491213798523,-0.1123992055654525
1781041388475623700,17.631623779296874,0.1991420686244964,-0.4605923891067505,-0.090408056974411
1781041388485725000,17.641724853515626,0.2321287989616394,-0.452040284872055,-0.1185078546404838
1781041388495795700,17.651795654296876,0.2174680233001709,-0.4605923891067505,-0.1221730485558509
1781041388515937300,17.671937255859376,0.197920337319374,-0.4373795092105865,-0.1221730485558509
1781041388526038800,17.682038818359374,0.1820378452539444,-0.4642575979232788,-0.1050688251852989
1781041388536079000,17.6920791015625,0.1942551434040069,-0.4838052690029144,-0.1209513172507286
1781041388546180400,17.702180419921874,0.1905899494886398,-0.4899139404296875,-0.1588249653577804
1781041388576484400,17.732484375,0.2186897546052932,-0.5387831330299377,-0.1282816976308822
1781041388586555100,17.74255517578125,0.1795943826436996,-0.5644394755363464,-0.1368338167667389
1781041388596595500,17.752595458984374,0.1722639948129654,-0.5546656250953674,-0.1563815027475357
1781041388687202000,17.8432021484375,0.2113593816757202,-0.5595525503158569,-0.197920337319374
1781041388747657500,17.903657470703124,0.1099557429552078,-0.5448917746543884,-0.1527163088321685
1781041388757697500,17.913697509765626,0.1123992055654525,-0.5681046843528748,-0.1514945775270462
1781041388767768300,17.923768310546876,0.1649336218833923,-0.5778785347938538,-0.1954768747091293
1781041388777839400,17.93383935546875,0.1783726513385772,-0.5729916095733643,-0.221133217215538
1781041388787940600,17.943940673828124,0.157603234052658,-0.5717698931694031,-0.2125810980796814
1781041388798011400,17.954011474609374,0.1160643994808197,-0.5644394755363464,-0.2455678284168243
1781041388808112600,17.964112548828126,0.0610865242779254,-0.5754350423812866,-0.3689626157283783
1781041388818214000,17.9742138671875,0.0342084541916847,-0.6010913848876953,-0.371406078338623
1781041388828315400,17.9843154296875,0.0403171069920063,-0.5681046843528748,-0.2968805134296417
1781041388838386200,17.99438623046875,0.0500909499824047,-0.5338962078094482,-0.2626720666885376
1781041388868629000,18.02462890625,0.0916297882795333,-0.4471533596515655,-0.2419026345014572
1781041388878730200,18.034730224609376,0.0818559452891349,-0.4153883755207062,-0.2577851414680481
1781041388888831700,18.044831787109377,0.0464257597923278,-0.3897320330142975,-0.2626720666885376
1781041388898902500,18.054902587890624,-0.0036651915870606,-0.371406078338623,-0.3115412890911102
1781041388908973300,18.064973388671874,-0.0048869219608604,-0.2981022298336029,-0.4740314185619354
1781041388919044000,18.075044189453124,-0.0048869219608604,-0.2981022298336029,-0.4740314185619354
1781041388969459200,18.125459228515624,0.0733038261532783,0.0268780700862407,-0.3579670190811157
1781041389050147600,18.206147705078124,0.1624901592731475,0.4935791194438934,-0.0684169083833694
1781041389090461200,18.246461181640623,0.0097738439217209,0.8735373020172119,-0.0879645943641662
1781041389100562700,18.256562744140624,0.1197295859456062,0.8955284357070923,-0.1453859210014343
1781041389110572300,18.266572265625,0.1380555480718612,0.9566149711608888,-0.3017674386501312
1781041389160926500,18.316926513671874,0.0024434609804302,1.3634512424468994,-1.1410962343215942
1781041389181098500,18.337098388671876,0.1514945775270462,1.7055357694625854,-0.4508185386657715
1781041389201240000,18.357239990234376,0.067195177078247,1.832595705986023,-0.6572909951210022
1781041389231452400,18.38745239257813,0.1539380401372909,1.8008307218551636,-0.846659243106842
1781041389241554000,18.397553955078124,0.140499010682106,1.8399261236190796,-0.7867944240570068
1781041389251594200,18.40759423828125,0.1343903541564941,1.8875735998153689,-0.6633996367454529
1781041389271705000,18.427705078125,0.2028072625398636,1.6420058012008667,-0.1380555480718612
1781041389291877400,18.44787744140625,0.2700024247169494,1.4135421514511108,0.361632227897644
1781041389301917700,18.457917724609377,0.3249803185462951,1.4049900770187378,0.2357939779758453
1781041389311988500,18.467988525390624,0.3579670190811157,1.442863702774048,-0.0891863256692886
1781041389322089700,18.47808984375,0.2895501255989074,1.3952162265777588,-0.4288274049758911
1781041389332191000,18.48819091796875,0.2199114859104156,1.1801916360855105,-0.5119050741195679
1781041389342261800,18.49826171875,0.1966986060142517,0.9456194043159484,-0.2700024247169494
1781041389352302000,18.50830200195313,0.2419026345014572,0.8234463334083557,0.0415388382971286
1781041389362372900,18.518372802734376,0.2858849465847015,0.7586946487426758,0.2871066629886627
1781041389372474400,18.528474365234377,0.3066543638706207,0.6890559792518616,0.3640756905078888
1781041389402686700,18.558686767578124,0.167377084493637,0.3408628106117248,-0.0684169083833694
1781041389412727000,18.56872705078125,0.0476474873721599,0.1637118905782699,-0.1649336218833923
1781041389422797800,18.5787978515625,-0.0268780700862407,-0.0427605658769607,-0.1698205322027206
1781041389432838000,18.588837890625,0.0684169083833694,-0.2455678284168243,-0.1441642045974731
1781041389442909000,18.598908935546874,0.2052507251501083,-0.3726277947425842,-0.0745255574584007
1781041389452979700,18.608979736328124,0.2345722615718841,-0.361632227897644,-0.0195476878434419
1781041389463019800,18.619019775390623,0.2089159190654754,-0.2773328125476837,-0.0769690200686454
1781041389473060000,18.62906005859375,0.130725160241127,-0.2956587672233581,-0.1429424732923507
1781041389483131000,18.639130859375,0.0488692186772823,-0.4667010605335235,-0.0537561401724815
1781041389493171200,18.64917114257813,0.0122173046693205,-0.7122688889503479,0.167377084493637
1781041389573768200,18.729768310546874,-0.2541199326515198,-1.519832730293274,0.2028072625398636
1781041389603980500,18.75998046875,-0.5290092825889587,-1.547932505607605,-0.1893682330846786
1781041389614051300,18.77005126953125,-0.607200026512146,-1.5442672967910769,-0.2419026345014572
1781041389624122000,18.7801220703125,-0.5864306092262268,-1.447750687599182,-0.0830776765942573
1781041389634193000,18.79019287109375,-0.5290092825889587,-1.3842206001281738,0.1270599663257599
1781041389644263700,18.800263671875,-0.5485569834709167,-1.447750687599182,0.3860668241977691
1781041389654334700,18.810334716796874,-0.5937610268592834,-1.568701982498169,0.636521577835083
1781041389664405500,18.820405517578124,-0.46547931432724,-1.5894713401794434,0.7538077235221863
1781041389674476300,18.830476318359377,-0.3164281845092773,-1.4563027620315552,0.740368664264679
1781041389684547000,18.840547119140624,-0.3005456924438476,-1.2620476484298706,0.4776966273784637
1781041389694617900,18.850617919921874,-0.3543018400669098,-1.2754865884780884,0.1539380401372909
1781041389755134200,18.91113427734375,-0.0928515195846557,-1.330464482307434,0.979827880859375
1781041389785407500,18.94140747070313,-0.2577851414680481,-0.5778785347938538,0.0
1781041389795509000,18.951509033203124,-0.3506366610527038,-0.4495968222618103,-0.0500909499824047
1781041389805549300,18.96154931640625,-0.3176499307155609,-0.5265658497810364,-0.0329867228865623
1781041389876136400,19.032136474609377,0.0158824957907199,0.4166100919246673,-0.2480112910270691
1781041389886237700,19.04223779296875,0.0378736443817615,0.351858377456665,-0.0232128798961639
1781041389896247600,19.05224755859375,0.0195476878434419,0.2052507251501083,0.1246165111660957
1781041389906318300,19.062318359375,-0.1148426681756973,0.0061086523346602,0.5057964324951172
1781041389916389000,19.07238916015625,-0.1698205322027206,-0.0097738439217209,0.6890559792518616
1781041389926490400,19.082490478515624,-0.067195177078247,0.0842994004487991,0.4251621961593628
1781041389936561200,19.09256103515625,0.058643065392971,0.1417207419872284,0.1795943826436996
1781041389946662400,19.102662353515623,0.098960168659687,0.2260201424360275,0.1637118905782699
1781041389956733200,19.112733154296876,0.0830776765942573,0.2895501255989074,0.0647517144680023
1781041389987006700,19.1430068359375,0.0256563406437635,0.2724458873271942,0.0378736443817615
1781041390037452300,19.193452392578124,0.1649336218833923,0.3701843321323395,-0.0048869219608604
1781041390067695000,19.223695068359376,0.3262020349502563,0.7709119319915771,-0.3726277947425842
1781041390148475100,19.30447509765625,0.051312681287527,0.7489207983016968,-0.0085521135479211
1781041390178718200,19.33471826171875,-0.0158824957907199,0.7281513810157776,0.5717698931694031
1781041390188819500,19.3448193359375,-0.1123992055654525,0.6805039048194885,0.361632227897644
1781041390198890200,19.35489013671875,-0.2357939779758453,0.6646214127540588,-0.0036651915870606
1781041390208991500,19.36499145507813,-0.3506366610527038,0.6524040699005127,-0.3152064681053161
1781041390219062300,19.375062255859376,-0.3970624208450317,0.6047565937042236,-0.4251621961593628
1781041390229102600,19.3851025390625,-0.3555235862731933,0.5192354321479797,-0.2871066629886627
1781041390239204000,19.3952041015625,-0.2748893499374389,0.4434881806373596,-0.0109955742955207
1781041390249335800,19.405335693359376,-0.2541199326515198,0.3347541689872741,0.2761110961437225
1781041390279578600,19.43557861328125,-0.1918116807937622,0.3115412890911102,0.5619960427284241
1781041390289680100,19.44568017578125,-0.2871066629886627,0.36529740691185,0.342084527015686
1781041390299781400,19.455781494140624,-0.4312708675861358,0.3335324227809906,0.157603234052658
1781041390309852200,19.46585205078125,-0.485027015209198,0.3017674386501312,0.098960168659687
1781041390319984000,19.475984130859377,-0.394618958234787,0.342084527015686,0.1392772793769836
1781041390330085400,19.48608544921875,-0.3310889601707458,0.3726277947425842,0.2492330223321914
1781041390340186600,19.4961865234375,-0.3433062732219696,0.3090978264808655,0.3872885704040527
1781041390350257400,19.50625732421875,-0.36529740691185,0.2138028293848037,0.5106833577156067
1781041390360358700,19.51635864257813,-0.375071257352829,0.2492330223321914,0.4691445231437683
1781041390390632200,19.54663208007813,-0.3286454975605011,0.4825835525989532,0.1685988008975982
1781041390400733400,19.5567333984375,-0.3579670190811157,0.5351179838180542,0.2186897546052932
1781041390451209500,19.60720947265625,-0.3249803185462951,0.5681046843528748,0.6218608021736145
1781041390481483000,19.63748291015625,-0.4105014503002167,0.6389650702476501,0.4361577928066253
1781041390521918700,19.677918701171876,-0.4459316432476043,0.4483750760555267,0.1661553531885147
1781041390532020200,19.688020263671874,-0.4251621961593628,0.3506366610527038,0.0818559452891349
1781041390542091000,19.698091064453124,-0.3995058834552765,0.3335324227809906,0.0684169083833694
1781041390552192300,19.708192138671876,-0.394618958234787,0.2993239760398865,0.1258382350206375
1781041390562324200,19.71832421875,-0.3029891550540924,0.2089159190654754,0.1954768747091293
1781041390572425500,19.728425537109377,-0.171042263507843,0.1331686228513717,0.294437050819397
1781041390582526700,19.73852661132813,-0.1001818999648094,0.1319468915462494,0.3176499307155609
1781041390612800300,19.76880029296875,-0.1099557429552078,0.1832595765590667,-0.1832595765590667
1781041390622871000,19.77887109375,-0.1319468915462494,0.1918116807937622,-0.2687807083129883
1781041390632972300,19.78897216796875,-0.147829383611679,0.1905899494886398,-0.2174680233001709
1781041390643043000,19.79904296875,-0.0879645943641662,0.1734857261180877,-0.0891863256692886
1781041390663215000,19.819215087890623,0.1001818999648094,0.107512280344963,0.0415388382971286
1781041390673316600,19.829316650390624,0.107512280344963,0.0867428630590438,0.0134390350431203
1781041390683387400,19.839387451171874,0.1392772793769836,0.0952949747443199,-0.0916297882795333
1781041390743873300,19.899873291015624,0.117286130785942,0.0024434609804302,-0.1331686228513717
1781041390824439600,19.980439453125,0.0452040284872055,-0.0171042270958423,-0.107512280344963
1781041390834540800,19.990540771484376,0.0452040284872055,-0.0073303831741213,-0.0647517144680023
1781041390844642300,20.000642333984377,0.0464257597923278,0.0061086523346602,0.0048869219608604
1781041390854743600,20.01074365234375,0.0488692186772823,0.0280998013913631,0.0244346093386411
1781041390864814300,20.020814453125,0.0696386396884918,0.0293215326964855,0.0268780700862407
1781041390874885000,20.030885009765623,0.0879645943641662,0.0354301854968071,0.0048869219608604
1781041390884986400,20.040986328125,0.1123992055654525,0.0439822971820831,-0.0488692186772823
1781041390895087900,20.051087890625,0.1392772793769836,0.0378736443817615,-0.1038470938801765
1781041390905189000,20.061189208984377,0.1869247704744339,0.0244346093386411,-0.1539380401372909
1781041390925391600,20.0813916015625,0.2101376503705978,-0.0317649915814399,-0.2528982162475586
1781041390935462400,20.09146240234375,0.2138028293848037,-0.0610865242779254,-0.294437050819397
1781041390945502700,20.101502685546876,0.2724458873271942,-0.0952949747443199,-0.2748893499374389
1781041390955604200,20.111604248046874,0.3775147199630737,-0.1014036312699318,-0.2333505302667617
1781041390965675000,20.121675048828124,0.5021312236785889,-0.0916297882795333,-0.2028072625398636
1781041390975776300,20.1317763671875,0.5852088928222656,-0.1368338167667389,-0.1209513172507286
1781041390985877500,20.14187744140625,0.5510004758834839,-0.2064724564552307,0.0122173046693205
1781041390995948300,20.1519482421875,0.5119050741195679,-0.2382374405860901,0.0390953756868839
1781041391006049800,20.1620498046875,0.5241223573684692,-0.2736676335334778,-0.0146607663482427
1781041391016151000,20.172151123046874,0.5204572081565857,-0.3054326176643371,-0.1160643994808197
1781041391076667400,20.23266748046875,0.4080579876899719,-0.4667010605335235,-0.2162462919950485
1781041391167335200,20.323335205078124,0.2883284091949463,-0.6536257863044739,-0.1087340116500854
1781041391177406000,20.333406005859377,0.3005456924438476,-0.6487388610839844,-0.0488692186772823
1781041391197547500,20.353547607421874,0.1539380401372909,-0.7305948138237,-0.171042263507843
1781041391207618300,20.363618408203124,0.1246165111660957,-0.7354817390441895,-0.2675589919090271
1781041391217689000,20.373689208984377,0.1429424732923507,-0.6976081132888794,-0.3433062732219696
1781041391227759900,20.383759765625,0.2419026345014572,-0.675616979598999,-0.2089159190654754
1781041391237861000,20.393861083984376,0.2419026345014572,-0.675616979598999,-0.2089159190654754
1781041391258033400,20.414033447265624,0.0928515195846557,-0.7269296646118164,-0.2834414839744568
1781041391268043000,20.42404296875,0.140499010682106,-0.7098253965377808,-0.3139847218990326
1781041391278144500,20.43414453125,0.1820378452539444,-0.6731734871864319,-0.2577851414680481
1781041391288215300,20.44421533203125,0.1832595765590667,-0.6218608021736145,-0.2247984111309051
1781041391298286000,20.4542861328125,0.1600466966629028,-0.6023131608963013,-0.2247984111309051
1781041391308265200,20.46426513671875,0.1783726513385772,-0.6145304441452026,-0.2626720666885376
1781041391318336000,20.4743359375,0.1966986060142517,-0.656069278717041,-0.2675589919090271
1781041391328406800,20.48440673828125,0.2247984111309051,-0.6633996367454529,-0.2467895597219467
1781041391338508300,20.49450830078125,0.1918116807937622,-0.6316346526145935,-0.2455678284168243
1781041391348579000,20.5045791015625,0.1453859210014343,-0.5852088928222656,-0.261450320482254
1781041391378852400,20.534852294921876,0.2064724564552307,-0.588874101638794,-0.2040289938449859
1781041391388862200,20.5448623046875,0.1429424732923507,-0.5925393104553223,-0.1954768747091293
1781041391398963500,20.55496337890625,0.0293215326964855,-0.5937610268592834,-0.2419026345014572
1781041391439246600,20.59524658203125,0.0171042270958423,-0.5876523852348328,-0.0977384373545646
1781041391449317600,20.605317626953124,0.0073303831741213,-0.5106833577156067,-0.0659734457731247
1781041391469459200,20.625459228515624,-0.1258382350206375,-0.4349360466003418,-0.1417207419872284
1781041391479499300,20.63549926757813,-0.130725160241127,-0.4190535545349121,-0.1832595765590667
1781041391489600800,20.645600830078124,-0.0525344125926494,-0.3677408695220947,-0.2419026345014572
1781041391499671600,20.655671630859377,0.0195476878434419,-0.2981022298336029,-0.2626720666885376
1781041391509712000,20.6657119140625,0.0378736443817615,-0.2871066629886627,-0.1832595765590667
1781041391519813000,20.675813232421874,0.0549778714776039,-0.304210901260376,-0.0696386396884918
1781041391529914400,20.685914306640623,0.0439822971820831,-0.2638937830924988,-0.0183259565383195
1781041391550086700,20.706086669921874,0.0415388382971286,-0.1893682330846786,-0.0256563406437635
1781041391560157400,20.716157470703124,0.1087340116500854,-0.1209513172507286,0.0256563406437635
1781041391570197800,20.72619775390625,0.1062905490398407,-0.0171042270958423,-0.0280998013913631
1781041391580268500,20.7362685546875,0.0855211317539215,0.1050688251852989,-0.1197295859456062
1781041391590339300,20.74633935546875,0.1038470938801765,0.1966986060142517,-0.294437050819397
1781041391600440600,20.756440673828124,0.1685988008975982,0.2064724564552307,-0.3359758853912353
1781041391610481000,20.76648095703125,0.2651155292987823,0.2858849465847015,-0.2419026345014572
1781041391620582100,20.77658203125,0.2907718420028686,0.4105014503002167,-0.2272418737411499
1781041391630622500,20.78662255859375,0.2675589919090271,0.4605923891067505,-0.1600466966629028
1781041391640723700,20.7967236328125,0.2333505302667617,0.5180137157440186,-0.1661553531885147
1781041391650794500,20.80679443359375,0.251676470041275,0.5754350423812866,-0.2626720666885376
1781041391691016700,20.8470166015625,0.2247984111309051,0.988379955291748,-0.4031710624694824
1781041391741401300,20.8974013671875,0.3090978264808655,1.3548991680145264,0.0464257597923278
1781041391751472000,20.90747216796875,0.3433062732219696,1.4770721197128296,0.1429424732923507
1781041391761543000,20.91754296875,0.3738495409488678,1.5809192657470703,0.1050688251852989
1781041391771583200,20.927583251953124,0.3995058834552765,1.644449234008789,-0.0109955742955207
1781041391811896800,20.967896728515623,0.588874101638794,1.7495180368423462,-0.6914994716644287
1781041391821998000,20.977998046875,0.5839871764183044,1.8570303916931152,-0.7941248416900635
1781041391922706200,21.0787060546875,-0.130725160241127,1.310916781425476,-0.675616979598999
1781041391942847700,21.09884765625,-0.0561996027827262,1.0128145217895508,-0.442266434431076
1781041391952888000,21.10888818359375,0.0354301854968071,0.8002334833145142,-0.2981022298336029
1781041391962958800,21.118958740234376,0.0867428630590438,0.5510004758834839,-0.0439822971820831
1781041391973029600,21.129029541015623,0.1637118905782699,0.3738495409488678,0.1087340116500854
1781041391983100400,21.139100341796876,0.2785545587539673,0.230907067656517,0.2174680233001709
1781041391993140700,21.149140625,0.3347541689872741,0.1319468915462494,0.2724458873271942
1781041392013343500,21.169343505859377,0.3824016451835632,0.0244346093386411,-0.3885102868080139
1781041392033485000,21.189485107421874,0.197920337319374,-0.280998021364212,-0.7037167549133301
1781041392043586300,21.19958642578125,0.0476474873721599,-0.4349360466003418,-0.4288274049758911
1781041392053657000,21.209656982421876,-0.0647517144680023,-0.7672467231750488,0.3396410644054413
1781041392063758300,21.21975830078125,-0.1649336218833923,-0.846659243106842,0.4227187633514404
1781041392073829000,21.2298291015625,-0.3054326176643371,-0.8784242272377014,0.2247984111309051
1781041392083900000,21.23989990234375,-0.4214970171451568,-0.9248499870300292,-0.0024434609804302
1781041392094001400,21.25000146484375,-0.4667010605335235,-0.9932668805122375,-0.1246165111660957
1781041392114143000,21.27014306640625,-0.4141666293144226,-1.197295904159546,0.0500909499824047
1781041392124213800,21.2802138671875,-0.4141666293144226,-1.3622294664382937,0.2186897546052932
1781041392134284500,21.29028442382813,-0.4483750760555267,-1.4941763877868652,0.3995058834552765
1781041392144324900,21.300324951171874,-0.4996877610683441,-1.557706356048584,0.455705463886261
1781041392154426000,21.310426025390623,-0.504574716091156,-1.624901533126831,0.4728097021579742
1781041392164527400,21.32052734375,-0.4288274049758911,-1.6395623683929443,0.2883284091949463
1781041392174628900,21.33062890625,-0.3604104816913605,-1.644449234008789,-0.0916297882795333
1781041392184730000,21.340730224609377,-0.4007275998592376,-1.7067575454711914,-0.1380555480718612
1781041392194831400,21.35083129882813,-0.5070181488990784,-1.703092336654663,0.2773328125476837
1781041392215003600,21.371003662109377,-0.4605923891067505,-1.568701982498169,1.0250319242477417
1781041392225105000,21.38110498046875,-0.4410447180271148,-1.557706356048584,1.1068878173828125
1781041392235206100,21.3912060546875,-0.4337143301963806,-1.6371188163757324,0.8845328688621521
1781041392245307400,21.401307373046876,-0.3433062732219696,-1.872912883758545,0.7244861721992493
1781041392255378200,21.41137817382813,-0.2761110961437225,-1.89979088306427,0.856433093547821
1781041392265449200,21.42144921875,-0.3139847218990326,-1.5650367736816406,0.940732479095459
1781041392275550500,21.431550537109377,-0.384845107793808,-1.2718214988708496,1.0018190145492554
1781041392285651700,21.44165161132813,-0.4605923891067505,-1.2119566202163696,1.2803735733032229
1781041392295753000,21.4517529296875,-0.3995058834552765,-1.2302825450897217,1.4110987186431885
1781041392305854500,21.4618544921875,-0.221133217215538,-1.2302825450897217,1.1374311447143557
1781041392315955700,21.471955810546874,-0.1380555480718612,-1.2009611129760742,0.7012733221054077
1781041392336158200,21.492158203125,-0.4312708675861358,-0.7257078886032104,-0.2052507251501083
1781041392366462200,21.52246215820313,-0.1258382350206375,-0.7953465580940247,1.1313223838806152
1781041392376533000,21.532532958984376,0.0733038261532783,-0.6817256212234497,1.3072515726089478
1781041392386634500,21.542634521484377,0.1099557429552078,-0.5302310585975647,0.8881980776786804
1781041392416938200,21.572938232421876,-0.5473352670669556,-0.3347541689872741,-1.1068878173828125
1781041392427039700,21.583039794921874,-0.4276056587696075,-0.5180137157440186,-0.5106833577156067
1781041392437141000,21.59314111328125,-0.0561996027827262,-0.5778785347938538,0.626747727394104
1781041392447242200,21.6032421875,0.1588249653577804,-0.3579670190811157,1.501506805419922
1781041392457343700,21.61334375,0.2003637999296188,-0.0354301854968071,1.340238332748413
1781041392517890600,21.673890625,-0.0561996027827262,0.0,0.0684169083833694
1781041392527991800,21.68399169921875,0.2638937830924988,0.107512280344963,0.8759807348251343
1781041392538093000,21.69409301757813,0.5742133259773254,0.1942551434040069,1.1508700847625732
1781041392548163800,21.704163818359376,0.6939429044723511,0.2883284091949463,0.9920451641082764
1781041392558295800,21.7142958984375,0.6670648455619812,0.4117231667041778,0.4679227769374847
1781041392568397000,21.72439697265625,0.46547931432724,0.4886921942234039,-0.0452040284872055
1781041392628913400,21.78491333007813,0.0794124826788902,0.608421802520752,0.4728097021579742
1781041392639014700,21.7950146484375,0.0134390350431203,0.6988298296928406,-0.0745255574584007
1781041392649116200,21.8051162109375,0.0366519130766391,0.8539896011352539,-0.6047565937042236
1781041392659217400,21.815217529296874,0.0109955742955207,0.9395107626914978,-0.8454375267028809
1781041392669318700,21.825318603515623,-0.1233947798609733,0.8515461683273315,-0.6951646208763123
1781041392679420200,21.835420166015624,-0.0879645943641662,0.6695083379745483,-0.3396410644054413
1781041392689521400,21.845521484375,0.1197295859456062,0.5302310585975647,0.0183259565383195
1781041392699653000,21.855653076171876,0.3139847218990326,0.5497786998748779,0.2040289938449859
1781041392709754600,21.865754638671874,0.3921754956245422,0.6194173693656921,0.2138028293848037
1781041392719855900,21.87585595703125,0.3176499307155609,0.6585127115249634,0.157603234052658
1781041392750160000,21.906159912109377,-0.1026253625750541,0.2040289938449859,-0.1466076523065567
1781041392760291600,21.91629150390625,-0.1258382350206375,0.090408056974411,-0.1905899494886398
1781041392770392800,21.926392822265623,-0.0818559452891349,0.1527163088321685,-0.2162462919950485
1781041392780494300,21.936494384765624,-0.0280998013913631,0.2981022298336029,-0.197920337319374
1781041392790565000,21.946565185546874,0.0305432621389627,0.4141666293144226,-0.1466076523065567
1781041392800666400,21.956666259765623,0.0036651915870606,0.394618958234787,0.0183259565383195
1781041392881385500,22.037385498046874,-0.1869247704744339,0.3054326176643371,0.5070181488990784
1781041392891486700,22.04748681640625,-0.1820378452539444,0.2761110961437225,0.4838052690029144
1781041392901557500,22.0575576171875,-0.2724458873271942,0.3310889601707458,0.3286454975605011
1781041392911628300,22.06762817382813,-0.394618958234787,0.3579670190811157,0.1734857261180877
1781041392972053000,22.128052978515623,-0.6047565937042236,0.3457497358322143,0.4386012554168701
1781041392992194800,22.14819482421875,-0.5803219676017761,0.5363397002220154,0.4007275998592376
1781041393002265600,22.158265625,-0.5522221922874451,0.6120869517326355,0.4483750760555267
1781041393012366800,22.168366943359377,-0.50335294008255,0.6352998614311218,0.4899139404296875
1781041393022468000,22.17846801757813,-0.5473352670669556,0.5791002511978149,0.5473352670669556
1781041393032539000,22.188538818359376,-0.618195652961731,0.5119050741195679,0.4996877610683441
1781041393042579200,22.1985791015625,-0.616973876953125,0.5009095072746277,0.3225368559360504
1781041393052680400,22.208680419921876,-0.5644394755363464,0.4948008358478546,0.1722639948129654
1781041393062812400,22.2188125,-0.5338962078094482,0.4581489264965057,0.107512280344963
1781041393072883200,22.22888330078125,-0.5094616413116455,0.4740314185619354,0.098960168659687
1781041393103095600,22.259095458984376,-0.2956587672233581,0.4886921942234039,0.3787364661693573
1781041393113135900,22.269135986328124,-0.2773328125476837,0.5021312236785889,0.3469714522361755
1781041393133308000,22.28930786132813,-0.2528982162475586,0.4434881806373596,0.1563815027475357
1781041393143378700,22.299378662109376,-0.2394591718912124,0.4361577928066253,0.098960168659687
1781041393153480200,22.309480224609377,-0.2431243658065796,0.4166100919246673,0.0781907513737678
1781041393163551000,22.319551025390624,-0.2773328125476837,0.384845107793808,0.1343903541564941
1781041393173621800,22.329621826171874,-0.3188716471195221,0.3591887652873993,0.1551597714424133
1781041393203864600,22.35986450195313,-0.1612684279680252,0.304210901260376,0.0439822971820831
1781041393244178400,22.400178466796874,-0.157603234052658,0.2345722615718841,-0.1368338167667389
1781041393254249200,22.410249267578124,-0.117286130785942,0.1869247704744339,-0.1123992055654525
1781041393264350500,22.4203505859375,-0.0806342139840126,0.1392772793769836,-0.0977384373545646
1781041393274421200,22.43042114257813,-0.0684169083833694,0.117286130785942,-0.1185078546404838
1781041393284492000,22.440491943359376,-0.0500909499824047,0.1087340116500854,-0.2345722615718841
1781041393294593300,22.45059326171875,-0.0390953756868839,0.0891863256692886,-0.3176499307155609
1781041393314765600,22.470765625,0.0354301854968071,0.0757472887635231,-0.2993239760398865
1781041393324866800,22.48086669921875,0.0623082555830478,0.0329867228865623,-0.1942551434040069
1781041393334937600,22.4909375,0.0806342139840126,0.0061086523346602,-0.098960168659687
1781041393355109600,22.511109619140623,0.140499010682106,0.0097738439217209,-0.0537561401724815
1781041393385291500,22.54129150390625,0.1185078546404838,0.0635299831628799,-0.2284636050462722
1781041393395362300,22.5513623046875,0.0415388382971286,0.0855211317539215,-0.304210901260376
1781041393405433300,22.561433349609377,0.0354301854968071,0.1453859210014343,-0.4031710624694824
1781041393445777400,22.60177734375,0.1637118905782699,0.1905899494886398,-0.1441642045974731
1781041393476020500,22.6320205078125,0.3640756905078888,0.2015855312347412,-0.2296853363513946
1781041393486121700,22.642121826171874,0.3359758853912353,0.197920337319374,-0.1160643994808197
1781041393496192500,22.652192626953124,0.3787364661693573,0.1942551434040069,0.0525344125926494
1781041393506263300,22.66226318359375,0.4508185386657715,0.1319468915462494,0.1698205322027206
1781041393526404900,22.68240478515625,0.5962044596672058,-0.051312681287527,0.1734857261180877
1781041393536475600,22.6924755859375,0.6352998614311218,-0.0952949747443199,0.107512280344963
1781041393546516000,22.702515869140623,0.5436700582504272,-0.1918116807937622,-0.0610865242779254
1781041393556617200,22.7126171875,0.5216789245605469,-0.2406809031963348,0.0036651915870606
1781041393566688000,22.72268798828125,0.5791002511978149,-0.2748893499374389,0.1331686228513717
1781041393576789500,22.73278955078125,0.6133087277412415,-0.351858377456665,0.261450320482254
1781041393586829800,22.742829833984377,0.5558874011039734,-0.4337143301963806,0.2919935882091522
1781041393596931000,22.75293115234375,0.4508185386657715,-0.4874704778194427,0.1392772793769836
1781041393647346200,22.80334619140625,0.4129449129104614,-0.7916813492774963,-0.1502728462219238
1781041393657447400,22.813447509765624,0.4312708675861358,-0.8136724829673767,-0.0574213340878486
1781041393667518200,22.823518310546874,0.4214970171451568,-0.797789990901947,-0.0916297882795333
1781041393677619500,22.833619384765623,0.3958406746387481,-0.8148942589759827,-0.2223549485206604
1781041393687690200,22.843690185546876,0.3090978264808655,-0.856433093547821,-0.3274237811565399
1781041393697761000,22.85376098632813,0.2663372457027435,-0.836885392665863,-0.3836233615875244
1781041393707771000,22.86377099609375,0.2761110961437225,-0.8038986921310425,-0.3323107063770294
1781041393717872000,22.8738720703125,0.3665191531181335,-0.799011766910553,-0.2480112910270691
1781041393758186000,22.91418603515625,0.2199114859104156,-0.7464773058891296,-0.5693264007568359
1781041393768287200,22.924287353515624,0.2247984111309051,-0.7623597979545593,-0.6939429044723511
1781041393778388500,22.934388427734376,0.3139847218990326,-0.8014551997184753,-0.6707300543785095
1781041393788490000,22.944489990234377,0.3738495409488678,-0.8197811841964722,-0.6010913848876953
1781041393798530000,22.954530029296876,0.3933972120285034,-0.8503243923187256,-0.4996877610683441
1781041393808570400,22.9645703125,0.4019493460655212,-0.856433093547821,-0.4092797040939331
1781041393818641200,22.97464111328125,0.3958406746387481,-0.8527678847312927,-0.4007275998592376
1781041393828681500,22.984681396484376,0.4373795092105865,-0.8503243923187256,-0.3335324227809906
1781041393838752300,22.994752197265623,0.504574716091156,-0.827111542224884,-0.2981022298336029
1781041393848823000,23.004822998046876,0.46547931432724,-0.7941248416900635,-0.2504547536373138
1781041393868995300,23.024995361328124,0.1783726513385772,-0.7391469478607178,-0.2993239760398865
1781041393879096600,23.0350966796875,0.0745255574584007,-0.7049384713172913,-0.4092797040939331
1781041393889167400,23.04516748046875,0.0635299831628799,-0.6817256212234497,-0.4789183437824249
1781041393899238100,23.055238037109376,0.0745255574584007,-0.6108652353286743,-0.4190535545349121
1781041393909278500,23.065278564453124,0.0928515195846557,-0.5400048494338989,-0.3408628106117248
1781041393919349200,23.075349365234377,0.0647517144680023,-0.5326744914054871,-0.221133217215538
1781041393929420000,23.085419921875,0.0342084541916847,-0.5192354321479797,-0.1905899494886398
1781041393939460400,23.09546044921875,-0.0158824957907199,-0.4948008358478546,-0.261450320482254
1781041393949531100,23.10553125,-0.1466076523065567,-0.4728097021579742,-0.3469714522361755
1781041393959662800,23.115662841796876,-0.2162462919950485,-0.4642575979232788,-0.3860668241977691
1781041393969734000,23.12573388671875,-0.2406809031963348,-0.4899139404296875,-0.342084527015686
1781041393979804700,23.1358046875,-0.2235766798257827,-0.4960225820541382,-0.2504547536373138
1781041393989875500,23.14587548828125,-0.2174680233001709,-0.4605923891067505,-0.2040289938449859
1781041393999946200,23.1559462890625,-0.2993239760398865,-0.4178318381309509,-0.2162462919950485
1781041394010017000,23.16601708984375,-0.3933972120285034,-0.3824016451835632,-0.3188716471195221
1781041394020087800,23.176087890625,-0.4508185386657715,-0.3567453026771545,-0.4019493460655212
1781041394040229400,23.1962294921875,-0.3213151097297668,-0.3604104816913605,-0.3176499307155609
1781041394050330600,23.20633056640625,-0.3323107063770294,-0.2968805134296417,-0.1966986060142517
1781041394110786000,23.2667861328125,-0.3090978264808655,-0.0390953756868839,-0.2700024247169494
1781041394120856800,23.27685693359375,-0.3213151097297668,0.0317649915814399,-0.0439822971820831
1781041394130927600,23.286927734375,-0.2419026345014572,0.1001818999648094,0.0952949747443199
1781041394140998400,23.296998291015623,-0.098960168659687,0.2321287989616394,0.0427605658769607
1781041394151069200,23.307069091796876,-0.058643065392971,0.3591887652873993,-0.098960168659687
1781041394161140000,23.31713989257813,-0.1368338167667389,0.4263839423656463,-0.0965167060494422
1781041394231635700,23.3876357421875,0.2785545587539673,1.0690141916275024,0.0610865242779254
1781041394241737000,23.397737060546874,0.3384193480014801,1.1594222784042358,-0.051312681287527
1781041394251807700,23.407807861328124,0.3836233615875244,1.2620476484298706,-0.2687807083129883
1781041394261909000,23.417908935546876,0.4166100919246673,1.36955988407135,-0.3799581825733185
1781041394271949300,23.42794921875,0.4068362414836883,1.4917329549789429,-0.4605923891067505
1781041394292121300,23.448121337890623,0.3591887652873993,1.5540411472320557,-0.2138028293848037
1781041394312293600,23.468293701171874,0.2284636050462722,1.7751743793487549,-0.0048869219608604
1781041394322364400,23.478364501953124,0.167377084493637,1.8973474502563477,-0.1319468915462494
1781041394332465700,23.488465576171876,0.1099557429552078,1.910786509513855,-0.2235766798257827
1781041394342536400,23.49853637695313,0.0219911485910415,1.8936822414398191,-0.2370157092809677
1781041394352637700,23.5086376953125,-0.0378736443817615,1.8961256742477417,-0.2773328125476837
1781041394362708700,23.518708740234377,-0.0268780700862407,1.8777997493743896,-0.3017674386501312
1781041394372810000,23.52881005859375,0.0329867228865623,1.9083430767059328,-0.4019493460655212
1781041394392951600,23.54895166015625,0.1698205322027206,2.0451767444610596,-0.750142514705658
1781041394403022300,23.559022216796876,0.1649336218833923,1.926669001579285,-0.7171558141708374
1781041394423133400,23.579133544921874,0.197920337319374,1.566258430480957,-0.1258382350206375
1781041394433234700,23.589234619140623,0.3567453026771545,1.4391984939575195,0.0415388382971286
1781041394443305500,23.599305419921876,0.4813618063926697,1.302364706993103,-0.0097738439217209
1781041394453376300,23.60937622070313,0.5277875661849976,1.224173903465271,-0.1417207419872284
1781041394463477800,23.619477783203124,0.5424483418464661,1.207069754600525,-0.2858849465847015
1781041394473579000,23.6295791015625,0.4239404797554016,1.1203268766403198,-0.3811798989772796
1781041394493812200,23.649812255859377,0.2663372457027435,0.6572909951210022,-0.5864306092262268
1781041394503944000,23.65994384765625,0.3921754956245422,0.3665191531181335,-0.5167919993400574
1781041394513984300,23.669984375,0.5510004758834839,0.2419026345014572,-0.342084527015686
1781041394524116000,23.680115966796876,0.5204572081565857,0.280998021364212,-0.1954768747091293
1781041394534217500,23.690217529296874,0.3103195428848266,0.3017674386501312,-0.2541199326515198
1781041394544318700,23.700318603515623,0.1148426681756973,0.1001818999648094,-0.3200933933258056
1781041394554450700,23.71045068359375,0.1600466966629028,-0.221133217215538,-0.1563815027475357
1781041394584724000,23.74072387695313,0.2981022298336029,-0.504574716091156,0.5094616413116455
1781041394645332000,23.80133203125,0.0794124826788902,-1.06657075881958,0.2687807083129883
1781041394655463700,23.811463623046876,-0.0635299831628799,-1.226617455482483,0.2907718420028686
1781041394665534500,23.82153442382813,-0.1869247704744339,-1.4147639274597168,0.3225368559360504
1781041394675666400,23.83166650390625,-0.261450320482254,-1.5247195959091189,0.3237585723400116
1781041394685798100,23.84179809570313,-0.2883284091949463,-1.539380431175232,0.2651155292987823
1781041394705909200,23.8619091796875,-0.3396410644054413,-1.5308283567428589,-0.0293215326964855
1781041394716041200,23.872041259765624,-0.3665191531181335,-1.6811012029647827,0.0842994004487991
1781041394726142500,23.882142578125,-0.3726277947425842,-1.7776178121566772,0.3836233615875244
1781041394736213200,23.892213134765623,-0.4129449129104614,-1.7348573207855225,0.5448917746543884
1781041394746314500,23.902314453125,-0.5265658497810364,-1.6493362188339231,0.4129449129104614
1781041394756446500,23.912446533203124,-0.6548475623130798,-1.67254900932312,0.1966986060142517
1781041394766547700,23.922547607421876,-0.6487388610839844,-1.6847662925720217,0.0769690200686454
1781041394776649000,23.93264892578125,-0.5925393104553223,-1.5723671913146973,-0.0390953756868839
1781041394786719700,23.9427197265625,-0.4728097021579742,-1.4538593292236328,-0.1343903541564941
1781041394817054200,23.97305419921875,-0.5497786998748779,-1.3964380025863647,0.7415903806686401
1781041394827125200,23.983125244140624,-0.5119050741195679,-1.557706356048584,1.0323622226715088
1781041394837226500,23.9932265625,-0.4166100919246673,-1.5051720142364502,0.9761626720428468
1781041394847327700,24.00332763671875,-0.3384193480014801,-1.3084733486175537,0.608421802520752
1781041394857398500,24.0133984375,-0.4398229718208313,-1.1105530261993408,0.1380555480718612
1781041394867499800,24.023499755859376,-0.4398229718208313,-1.1105530261993408,0.1380555480718612
1781041394877601300,24.033601318359377,-0.3384193480014801,-1.0775662660598757,0.750142514705658
1781041394887702500,24.04370263671875,-0.2651155292987823,-0.8552113175392151,0.8197811841964722
1781041394917945300,24.0739453125,-0.2797762751579284,-0.6401867866516113,0.6548475623130798
1781041394958259200,24.11425927734375,-0.46547931432724,-0.2907718420028686,-0.4544837474822998
1781041394968330000,24.124330078125,-0.5192354321479797,-0.2968805134296417,-0.4202753007411957
1781041394978400800,24.13440087890625,-0.4068362414836883,-0.2638937830924988,0.0073303831741213
1781041395038917000,24.194917236328124,-0.3029891550540924,0.0916297882795333,-0.4996877610683441
1781041395048988000,24.20498779296875,-0.2577851414680481,0.2089159190654754,-0.5534439086914062
1781041395059028200,24.2150283203125,-0.0195476878434419,0.1832595765590667,0.5436700582504272
1781041395069068500,24.225068603515624,0.2138028293848037,0.2113593816757202,0.8991936445236206
1781041395089210000,24.245210205078124,0.4007275998592376,0.2394591718912124,0.3897320330142975
1781041395099281000,24.255281005859377,0.3359758853912353,0.4337143301963806,-0.1258382350206375
1781041395109382100,24.26538208007813,0.1490511149168014,0.5534439086914062,-0.6438519954681396
1781041395159766800,24.315766845703124,0.4263839423656463,0.6963863968849182,0.6927211880683899
1781041395220161000,24.3761611328125,0.0366519130766391,0.3335324227809906,0.2492330223321914
1781041395250465000,24.406465087890624,0.1624901592731475,0.3836233615875244,0.0134390350431203
1781041395260535800,24.416535888671874,0.0171042270958423,0.4043927788734436,-0.1282816976308822
1781041395270637000,24.426636962890623,-0.1319468915462494,0.4141666293144226,-0.1441642045974731
1781041395280738300,24.43673828125,-0.1857030391693115,0.3885102868080139,-0.0329867228865623
1781041395290778600,24.44677856445313,-0.147829383611679,0.342084527015686,0.1954768747091293
1781041395310920200,24.466920166015623,-0.117286130785942,0.46547931432724,0.3811798989772796
1781041395321021700,24.477021728515624,-0.1026253625750541,0.5216789245605469,0.171042263507843
1781041395331123000,24.487123046875,-0.157603234052658,0.5021312236785889,0.0708603709936142
1781041395341163300,24.497163330078124,-0.2015855312347412,0.5009095072746277,0.0781907513737678
1781041395351264500,24.507264404296876,-0.2455678284168243,0.5534439086914062,0.0928515195846557
1781041395371406000,24.527406005859376,-0.2932153046131134,0.5375614166259766,0.130725160241127
1781041395381476900,24.537476806640623,-0.3139847218990326,0.4434881806373596,0.2174680233001709
1781041395391578400,24.547578369140624,-0.3909537494182586,0.3982841372489929,0.3995058834552765
1781041395411720000,24.567719970703124,-0.5595525503158569,0.5729916095733643,0.1905899494886398
1781041395421760300,24.57776025390625,-0.5998696684837341,0.5803219676017761,-0.0549778714776039
1781041395441871000,24.59787109375,-0.6206390857696533,0.5412266254425049,0.0684169083833694
1781041395451972600,24.60797265625,-0.6206390857696533,0.5729916095733643,0.1111774742603302
1781041395462043400,24.61804345703125,-0.6230825781822205,0.4789183437824249,0.1881465017795562
1781041395472114200,24.6281142578125,-0.6120869517326355,0.3335324227809906,0.3005456924438476
1781041395482154500,24.638154541015624,-0.5766568183898926,0.2846632003784179,0.3384193480014801
1781041395492194800,24.64819482421875,-0.485027015209198,0.2773328125476837,0.2651155292987823
1781041395502265600,24.658265625,-0.3762930035591125,0.2492330223321914,0.2638937830924988
1781041395542487600,24.69848754882813,-0.3164281845092773,0.4569272100925445,0.271224170923233
1781041395552589000,24.708589111328124,-0.2883284091949463,0.504574716091156,0.3005456924438476
1781041395562659800,24.718659912109377,-0.261450320482254,0.5265658497810364,0.2956587672233581
1781041395572730600,24.728730712890624,-0.1893682330846786,0.5473352670669556,0.2480112910270691
1781041395582831900,24.738831787109376,-0.1368338167667389,0.5632177591323853,0.2247984111309051
1781041395643287300,24.799287353515624,-0.1453859210014343,0.5754350423812866,0.1942551434040069
1781041395653388500,24.809388427734376,-0.0757472887635231,0.5473352670669556,0.2199114859104156
1781041395663459300,24.819459228515623,0.0024434609804302,0.4776966273784637,0.2907718420028686
1781041395673560600,24.829560546875,-0.0085521135479211,0.384845107793808,0.3139847218990326
1781041395683631400,24.83963134765625,-0.0488692186772823,0.3213151097297668,0.230907067656517
1781041395693702100,24.8497021484375,-0.0708603709936142,0.2822197377681732,0.140499010682106
1781041395703803600,24.8598037109375,-0.1026253625750541,0.2467895597219467,0.0171042270958423
1781041395713905000,24.86990478515625,-0.1295034289360046,0.180816113948822,-0.0928515195846557
1781041395734046500,24.89004638671875,-0.1514945775270462,0.0623082555830478,-0.0916297882795333
1781041395744117200,24.9001171875,-0.0916297882795333,0.0525344125926494,-0.0928515195846557
1781041395754157600,24.91015747070313,0.0195476878434419,0.0317649915814399,-0.0867428630590438
1781041395764228400,24.920228271484376,0.0879645943641662,0.0146607663482427,-0.0158824957907199
1781041395774329600,24.93032958984375,0.1246165111660957,0.0452040284872055,0.0195476878434419
1781041395784400600,24.940400634765624,0.1197295859456062,0.0623082555830478,0.0280998013913631
1781041395794440700,24.95044067382813,0.1026253625750541,0.0879645943641662,0.0207694191485643
1781041395804511500,24.960511474609376,0.1099557429552078,0.1136209368705749,-0.0403171069920063
1781041395814582300,24.970582275390623,0.0867428630590438,0.1209513172507286,-0.0916297882795333
1781041395824622600,24.98062255859375,0.0452040284872055,0.1356120854616165,-0.1588249653577804
1781041395885017000,25.04101708984375,0.0830776765942573,0.0794124826788902,-0.2541199326515198
1781041395945319700,25.10131958007813,0.2015855312347412,0.1050688251852989,-0.0488692186772823
1781041395955421000,25.1114208984375,0.1637118905782699,0.1038470938801765,-0.0342084541916847
1781041395965522400,25.1215224609375,0.1197295859456062,0.1136209368705749,-0.067195177078247
1781041395975593200,25.13159326171875,0.1233947798609733,0.1111774742603302,-0.1356120854616165
1781041395985664000,25.1416640625,0.1246165111660957,0.1258382350206375,-0.1551597714424133
1781041395995765200,25.15176513671875,0.1282816976308822,0.1637118905782699,-0.1637118905782699
1781041396005866500,25.16186645507813,0.1441642045974731,0.1832595765590667,-0.1747074574232101
1781041396015937300,25.171937255859376,0.2076941877603531,0.180816113948822,-0.1954768747091293
1781041396025977600,25.1819775390625,0.2773328125476837,0.1624901592731475,-0.2076941877603531
1781041396036048400,25.19204833984375,0.3176499307155609,0.1429424732923507,-0.197920337319374
1781041396046088700,25.202088623046876,0.3396410644054413,0.1319468915462494,-0.2186897546052932
1781041396056159500,25.21215942382813,0.3481931984424591,0.1185078546404838,-0.2333505302667617
1781041396066199800,25.22219970703125,0.3762930035591125,0.1233947798609733,-0.2199114859104156
1781041396076301000,25.232301025390623,0.4300491213798523,0.130725160241127,-0.2162462919950485
1781041396086371800,25.242371826171876,0.4813618063926697,0.1258382350206375,-0.221133217215538
1781041396126655200,25.2826552734375,0.5461135506629944,-0.0183259565383195,-0.2040289938449859
1781041396197120300,25.353120361328124,0.4569272100925445,-0.2663372457027435,-0.0745255574584007
1781041396227393800,25.383393798828124,0.3958406746387481,-0.4043927788734436,-0.280998021364212
1781041396247565800,25.40356591796875,0.3335324227809906,-0.5167919993400574,-0.2541199326515198
1781041396257636600,25.41363671875,0.2981022298336029,-0.5913175344467163,-0.2419026345014572
1781041396267707400,25.423707275390623,0.2895501255989074,-0.6866125464439392,-0.1905899494886398
1781041396277778200,25.433778076171876,0.2785545587539673,-0.7660250067710876,-0.1038470938801765
1781041396287849000,25.44384887695313,0.2541199326515198,-0.8185594081878662,-0.0500909499824047
1781041396297919700,25.453919677734376,0.2455678284168243,-0.8918632864952087,-0.0219911485910415
1781041396307990500,25.463990478515623,0.1942551434040069,-0.9553932547569276,0.0024434609804302
1781041396318061300,25.474061279296876,0.1539380401372909,-0.9761626720428468,0.0378736443817615
1781041396328162800,25.484162841796874,0.1380555480718612,-0.9822713136672974,0.1258382350206375
1781041396338264000,25.49426416015625,0.1148426681756973,-0.9834930300712584,0.2064724564552307
1781041396388770600,25.5447705078125,0.0378736443817615,-0.9590584635734558,-0.0659734457731247
1781041396429084400,25.58508447265625,0.1502728462219238,-1.017701506614685,-0.1392772793769836
1781041396439094000,25.595093994140623,0.1661553531885147,-0.9431759119033812,-0.2357939779758453
1781041396449195500,25.605195556640624,0.197920337319374,-0.8906415104866028,-0.3249803185462951
1781041396459296800,25.615296875,0.1844813078641891,-0.8637634515762329,-0.3005456924438476
1781041396469367600,25.625367431640623,0.1783726513385772,-0.8478809595108032,-0.2138028293848037
1781041396479468800,25.63546875,0.1685988008975982,-0.8417723178863525,-0.1050688251852989
1781041396489539600,25.64553955078125,0.1258382350206375,-0.8185594081878662,-0.1233947798609733
1781041396499610400,25.6556103515625,0.0293215326964855,-0.7623597979545593,-0.2871066629886627
1781041396509681200,25.66568115234375,-0.0598647929728031,-0.6963863968849182,-0.4801400899887085
1781041396519782700,25.67578271484375,-0.0745255574584007,-0.6499606370925903,-0.5302310585975647
1781041396529884000,25.6858837890625,-0.0329867228865623,-0.5998696684837341,-0.4569272100925445
1781041396539985200,25.695985107421876,-0.0207694191485643,-0.5852088928222656,-0.3359758853912353
1781041396550056000,25.70605590820313,-0.0329867228865623,-0.5546656250953674,-0.1624901592731475
1781041396560157400,25.716157470703124,-0.0329867228865623,-0.4630358517169952,-0.1857030391693115
1781041396580329500,25.73632958984375,0.0696386396884918,-0.3555235862731933,-0.3298672437667846
1781041396590430700,25.7464306640625,0.0439822971820831,-0.2272418737411499,-0.3787364661693573
1781041396600532200,25.7565322265625,0.0317649915814399,-0.1148426681756973,-0.5595525503158569
1781041396610633500,25.766633544921874,0.1221730485558509,-0.0806342139840126,-0.5815436840057373
1781041396620765200,25.77676513671875,0.2370157092809677,-0.0219911485910415,-0.3799581825733185
1781041396630866700,25.78686669921875,0.3005456924438476,0.0720821022987365,-0.1771509200334549
1781041396640968000,25.796968017578124,0.3103195428848266,0.1844813078641891,-0.0427605658769607
1781041396651069200,25.807069091796876,0.3469714522361755,0.3078760802745819,-0.1111774742603302
1781041396661170400,25.81717041015625,0.4349360466003418,0.3897320330142975,-0.3200933933258056
1781041396671272000,25.82727197265625,0.4471533596515655,0.4960225820541382,-0.4276056587696075
1781041396731849200,25.88784912109375,0.3115412890911102,1.3182471990585327,-0.3469714522361755
1781041396772315600,25.928315673828124,0.2138028293848037,1.7702875137329102,-0.2577851414680481
1781041396782386400,25.938386474609377,0.2981022298336029,1.8313740491867063,-0.0696386396884918
1781041396792518100,25.94851806640625,0.3811798989772796,2.0427334308624268,-0.0158824957907199
1781041396802619400,25.958619384765623,0.4251621961593628,2.1795670986175537,-0.1368338167667389
1781041396812721000,25.968720947265624,0.4764748811721802,2.168571710586548,-0.2015855312347412
1781041396822822100,25.978822265625,0.5900958180427551,2.1844542026519775,-0.2565633952617645
1781041396832923400,25.98892333984375,0.7037167549133301,2.3041837215423584,-0.4398229718208313
1781041396843055400,25.999055419921874,0.7195992469787598,2.348165988922119,-0.6291912198066711
1781041396863257900,26.0192578125,0.6255260109901428,2.1710150241851807,-0.3481931984424591
1781041396873359400,26.029359375,0.6988298296928406,2.0781636238098145,-0.0916297882795333
1781041396883460600,26.039460693359377,0.8051204085350037,2.037846565246582,0.1295034289360046
1781041396893561900,26.04956176757813,0.7757988572120667,2.015855312347412,0.0122173046693205
1781041396903632600,26.059632568359376,0.618195652961731,1.890017032623291,-0.2199114859104156
1781041396913734000,26.06973388671875,0.4202753007411957,1.7177530527114868,-0.3286454975605011
1781041396923835400,26.07983544921875,0.280998021364212,1.567480206489563,-0.3860668241977691
1781041396933936600,26.0899365234375,0.1685988008975982,1.4123204946517944,-0.4263839423656463
1781041396944007400,26.10000732421875,0.0464257597923278,1.2034045457839966,-0.442266434431076
1781041396954108700,26.11010864257813,0.0122173046693205,0.9517280459403992,-0.4349360466003418
1781041396974311400,26.1303115234375,0.1270599663257599,0.5412266254425049,-0.2895501255989074
1781041396984351700,26.140351806640624,0.1588249653577804,0.4092797040939331,-0.1722639948129654
1781041397004554200,26.16055419921875,0.1771509200334549,0.107512280344963,-0.0781907513737678
1781041397014655700,26.17065576171875,0.140499010682106,-0.1148426681756973,-0.0122173046693205
1781041397034766800,26.190766845703124,0.1038470938801765,-0.4935791194438934,0.2064724564552307
1781041397044837600,26.200837646484377,0.0769690200686454,-0.598647952079773,0.2565633952617645
1781041397054908400,26.210908447265624,0.0158824957907199,-0.7049384713172913,0.2064724564552307
1781041397064918000,26.22091796875,-0.0623082555830478,-0.8246681094169617,0.0916297882795333
1781041397075019500,26.23101953125,-0.140499010682106,-0.9346238374710084,-0.0329867228865623
1781041397085120800,26.241120849609377,-0.251676470041275,-1.0531316995620728,-0.0574213340878486
1781041397105232000,26.26123193359375,-0.4007275998592376,-1.2522737979888916,0.107512280344963
1781041397115302700,26.271302734375,-0.4776966273784637,-1.348790407180786,0.1783726513385772
1781041397125404000,26.28140380859375,-0.5583308339118958,-1.4233160018920898,0.1991420686244964
1781041397135474700,26.291474609375,-0.6206390857696533,-1.5137240886688232,0.2272418737411499
1781041397165687000,26.32168701171875,-0.7110471725463867,-1.4391984939575195,0.1380555480718612
1781041397175757800,26.3317578125,-0.7086036801338196,-1.5149458646774292,-0.2528982162475586
1781041397185798100,26.34179809570313,-0.7134906053543091,-1.7397441864013672,-0.3310889601707458
1781041397195899600,26.351899658203124,-0.7122688889503479,-1.8973474502563477,-0.0916297882795333
1781041397206001000,26.3620009765625,-0.6743952035903931,-1.926669001579285,0.1343903541564941
1781041397216071700,26.37207177734375,-0.6230825781822205,-1.909564733505249,0.2956587672233581
1781041397226142500,26.382142578125,-0.5668829679489136,-1.822821855545044,0.2223549485206604
1781041397236213200,26.392213134765623,-0.5900958180427551,-1.7006487846374512,-0.0488692186772823
1781041397246314500,26.402314453125,-0.7513642311096191,-1.6884315013885498,-0.1698205322027206
1781041397256385300,26.41238525390625,-0.8674286603927612,-1.7690657377243042,-0.0146607663482427
1781041397266486800,26.42248681640625,-0.8026769161224365,-1.8179349899291992,0.2883284091949463
1781041397276557600,26.4325576171875,-0.7318165898323059,-1.7715091705322266,0.5412266254425049
1781041397286658800,26.442658935546874,-0.7098253965377808,-1.7079792022705078,0.6328563690185547
1781041397296729600,26.4527294921875,-0.6682865619659424,-1.6811012029647827,0.7757988572120667
1781041397306770000,26.46277001953125,-0.6817256212234497,-1.5247195959091189,0.8038986921310425
1781041397316871200,26.47287109375,-0.7330383062362671,-1.291369080543518,0.4276056587696075
1781041397326972400,26.482972412109376,-0.8087855577468872,-1.274264931678772,0.1783726513385772
1781041397337012700,26.4930126953125,-0.8405506014823914,-1.3573426008224487,0.3677408695220947
1781041397347083500,26.50308349609375,-0.7073819637298584,-1.361007809638977,0.7525860071182251
1781041397357185000,26.51318505859375,-0.5497786998748779,-1.226617455482483,0.9724974632263184
1781041397367255800,26.523255859375,-0.4092797040939331,-1.0714576244354248,0.9480628371238708
1781041397377357000,26.533357177734377,-0.4166100919246673,-0.598647952079773,0.0195476878434419
1781041397387458300,26.54345825195313,-0.4166100919246673,-0.598647952079773,0.0195476878434419
1781041397407599900,26.563599853515623,-0.0207694191485643,-0.1649336218833923,-0.0207694191485643
1781041397417701400,26.573701416015624,0.0378736443817615,-0.2089159190654754,0.3090978264808655
1781041397508308000,26.66430786132813,-0.0207694191485643,0.3408628106117248,0.6890559792518616
1781041397518348300,26.674348388671874,-0.0171042270958423,0.2431243658065796,0.7831292152404785
1781041397598975700,26.754975830078124,0.1734857261180877,0.3567453026771545,0.3958406746387481
1781041397659339500,26.815339599609377,0.1918116807937622,0.4544837474822998,-0.1514945775270462
1781041397669379800,26.8253798828125,0.1453859210014343,0.3958406746387481,0.342084527015686
1781041397679481000,26.835481201171874,0.2089159190654754,0.4288274049758911,0.7648032903671265
1781041397689552000,26.8455517578125,0.2186897546052932,0.4532620012760162,0.9321803450584412
1781041397729835000,26.8858349609375,-0.1612684279680252,0.3970624208450317,-0.4105014503002167
1781041397800483300,26.9564833984375,0.0378736443817615,0.6414085030555725,0.2455678284168243
1781041397820685800,26.976685791015623,-0.0769690200686454,0.6731734871864319,0.2174680233001709
1781041397840858000,26.996858154296874,-0.1649336218833923,0.5229006409645081,0.3310889601707458
1781041397871101000,27.02710083007813,-0.3249803185462951,0.2773328125476837,0.2687807083129883
1781041397921454800,27.077454833984376,-0.4862487316131592,-0.1637118905782699,0.4960225820541382
1781041397941596700,27.0975966796875,-0.4508185386657715,-0.1844813078641891,0.432492583990097
1781041397981818600,27.137818603515623,-0.2028072625398636,0.1185078546404838,0.5326744914054871
1781041398052375300,27.208375244140623,-0.2626720666885376,0.5375614166259766,0.0708603709936142
1781041398122809900,27.27880981445313,-0.1747074574232101,0.5925393104553223,0.0305432621389627
1781041398152961300,27.308961181640623,-0.1820378452539444,0.5229006409645081,0.0439822971820831
1781041398183082200,27.339082275390624,-0.0818559452891349,0.3995058834552765,0.0659734457731247
1781041398223335000,27.3793349609375,-0.0794124826788902,0.3494149148464203,-0.2015855312347412
1781041398233405700,27.38940576171875,-0.1148426681756973,0.2480112910270691,-0.2003637999296188
1781041398253547300,27.40954736328125,0.0012217304902151,0.1783726513385772,-0.1270599663257599
1781041398263557000,27.41955712890625,0.0598647929728031,0.1563815027475357,-0.0403171069920063
1781041398273658400,27.429658447265624,0.051312681287527,0.1844813078641891,0.0268780700862407
1781041398283729200,27.439729248046874,-0.0305432621389627,0.1905899494886398,0.0219911485910415
1781041398303870700,27.45987060546875,-0.0464257597923278,0.1649336218833923,-0.1881465017795562
1781041398313972000,27.46997192382813,-0.0659734457731247,0.1429424732923507,-0.2883284091949463
1781041398324073500,27.480073486328124,-0.0952949747443199,0.1343903541564941,-0.3494149148464203
1781041398334144300,27.490144287109377,-0.0928515195846557,0.1270599663257599,-0.3738495409488678
1781041398344153900,27.50015380859375,-0.0757472887635231,0.0879645943641662,-0.3604104816913605
1781041398354224600,27.510224609375,-0.0439822971820831,0.0452040284872055,-0.3323107063770294
1781041398364295400,27.52029541015625,0.0256563406437635,0.0329867228865623,-0.3262020349502563
1781041398374366200,27.5303662109375,0.0794124826788902,0.0366519130766391,-0.2956587672233581
1781041398384406500,27.540406494140623,0.1209513172507286,0.0781907513737678,-0.2871066629886627
1781041398394508000,27.550508056640624,0.1441642045974731,0.1282816976308822,-0.2638937830924988
1781041398404609300,27.560609375,0.1502728462219238,0.1698205322027206,-0.2321287989616394
1781041398414741000,27.570740966796876,0.1502728462219238,0.1771509200334549,-0.221133217215538
1781041398424811800,27.58081176757813,0.167377084493637,0.1771509200334549,-0.2626720666885376
1781041398434913300,27.590913330078124,0.1942551434040069,0.1893682330846786,-0.3604104816913605
1781041398495368400,27.65136840820313,0.5766568183898926,0.2626720666885376,-0.2834414839744568
1781041398515540700,27.671540771484377,0.5363397002220154,0.2406809031963348,-0.4495968222618103
1781041398525611500,27.681611572265624,0.5241223573684692,0.2687807083129883,-0.5900958180427551
1781041398535682300,27.691682373046874,0.5497786998748779,0.271224170923233,-0.618195652961731
1781041398555823900,27.711823974609377,0.6389650702476501,0.2748893499374389,-0.351858377456665
1781041398565894700,27.721894775390624,0.6194173693656921,0.2492330223321914,-0.2541199326515198
1781041398575996000,27.731995849609376,0.5876523852348328,0.2345722615718841,-0.2736676335334778
1781041398586097400,27.742097412109377,0.5351179838180542,0.2247984111309051,-0.361632227897644
1781041398626472000,27.78247192382813,0.5143485069274902,0.0720821022987365,-0.2150245606899261
1781041398636604000,27.79260400390625,0.5155702829360962,0.0574213340878486,-0.2223549485206604
1781041398646705200,27.802705078125,0.5290092825889587,0.0329867228865623,-0.1905899494886398
1781041398656806400,27.812806396484376,0.50335294008255,0.0415388382971286,-0.098960168659687
1781041398666908000,27.822907958984377,0.4569272100925445,0.0097738439217209,-0.0085521135479211
1781041398677009200,27.83300903320313,0.4239404797554016,-0.0537561401724815,0.0855211317539215
1781041398707313200,27.863313232421874,0.3885102868080139,0.1062905490398407,-0.1527163088321685
1781041398717384000,27.873384033203124,0.3640756905078888,0.0818559452891349,-0.2186897546052932
1781041398727515600,27.883515625,0.3775147199630737,0.0171042270958423,-0.2101376503705978
1781041398737617200,27.8936171875,0.4092797040939331,-0.1197295859456062,-0.1221730485558509
1781041398747718400,27.903718505859377,0.4459316432476043,-0.3054326176643371,-0.0061086523346602
1781041398767921000,27.9239208984375,0.4544837474822998,-0.6585127115249634,-0.0305432621389627
1781041398778022400,27.9340224609375,0.3836233615875244,-0.7538077235221863,-0.1136209368705749
1781041398788123600,27.94412353515625,0.2932153046131134,-0.7953465580940247,-0.1844813078641891
1781041398798225000,27.954224853515623,0.2150245606899261,-0.827111542224884,-0.2321287989616394
1781041398808326400,27.964326416015624,0.1612684279680252,-0.8625417351722717,-0.1661553531885147
1781041398818427600,27.974427734375,0.1685988008975982,-0.90408056974411,-0.0659734457731247
1781041398828529000,27.98452880859375,0.0867428630590438,-1.0739010572433472,-0.0525344125926494
1781041398838630100,27.99463012695313,0.0403171069920063,-1.1691961288452148,-0.0745255574584007
1781041398848731600,28.004731689453124,-0.0036651915870606,-1.1997393369674685,-0.0879645943641662
1781041398858802400,28.014802490234377,-0.0610865242779254,-1.1691961288452148,-0.1282816976308822
1781041398868903700,28.02490356445313,-0.1612684279680252,-1.0897835493087769,-0.261450320482254
1781041398889137000,28.045136962890624,-0.3262020349502563,-1.0054842233657837,-0.3494149148464203
1781041398919441000,28.07544091796875,-0.3054326176643371,-0.9822713136672974,-0.1466076523065567
1781041398959815700,28.115815673828124,-0.2761110961437225,-0.921184778213501,-0.1062905490398407
1781041398969947400,28.125947509765624,-0.251676470041275,-0.8576548099517822,-0.1930334120988845
1781041398980048600,28.136048583984376,-0.2626720666885376,-0.8588765263557434,-0.1661553531885147
1781041398990150100,28.146150146484377,-0.2467895597219467,-0.8356636762619019,-0.0635299831628799
1781041399010352600,28.1663525390625,-0.1466076523065567,-0.6633996367454529,0.0781907513737678
1781041399020454000,28.176453857421876,-0.1246165111660957,-0.5742133259773254,0.0439822971820831
1781041399030524700,28.18652465820313,-0.107512280344963,-0.5229006409645081,-0.0598647929728031
1781041399040656600,28.19665673828125,-0.0977384373545646,-0.4862487316131592,-0.0965167060494422
1781041399050788400,28.20678833007813,-0.1160643994808197,-0.4447098970413208,-0.067195177078247
1781041399060889900,28.216889892578124,-0.1001818999648094,-0.3689626157283783,-0.0855211317539215
1781041399070991000,28.2269912109375,-0.0842994004487991,-0.2663372457027435,-0.1624901592731475
1781041399081062000,28.23706176757813,-0.0488692186772823,-0.2235766798257827,-0.2235766798257827
1781041399091102200,28.247102294921874,0.0293215326964855,-0.2394591718912124,-0.1527163088321685
1781041399101203500,28.257203369140623,0.0952949747443199,-0.2113593816757202,-0.0329867228865623
1781041399141517300,28.297517333984377,0.1429424732923507,0.0684169083833694,-0.4178318381309509
1781041399151588000,28.307588134765624,0.1771509200334549,0.1392772793769836,-0.3933972120285034
1781041399161659000,28.317658935546874,0.1893682330846786,0.2296853363513946,-0.3029891550540924
1781041399171729700,28.327729736328124,0.1905899494886398,0.3103195428848266,-0.1661553531885147
1781041399181831000,28.337830810546876,0.2333505302667617,0.3701843321323395,0.0061086523346602
1781041399191932200,28.34793212890625,0.294437050819397,0.4776966273784637,0.1441642045974731
1781041399232246000,28.38824609375,0.3591887652873993,1.0616837739944458,-0.475253164768219
1781041399252387600,28.4083876953125,0.342084527015686,1.1704177856445312,-0.1319468915462494
1781041399262428000,28.418427978515624,0.304210901260376,1.303586483001709,0.0256563406437635
1781041399272498700,28.428498779296874,0.2785545587539673,1.4526375532150269,0.1050688251852989
1781041399282600000,28.438599853515623,0.2785545587539673,1.595579981803894,-0.0183259565383195
1781041399292701200,28.448701171875,0.2968805134296417,1.6578882932662964,-0.2626720666885376
1781041399302741500,28.45874145507813,0.375071257352829,1.7043139934539795,-0.2748893499374389
1781041399312843000,28.468843017578124,0.3701843321323395,1.8362609148025513,-0.1893682330846786
1781041399322913800,28.478913818359377,0.3237585723400116,2.004859685897827,-0.1282816976308822
1781041399332953900,28.488953857421876,0.3200933933258056,2.096489429473877,-0.107512280344963
1781041399342963700,28.498963623046876,0.3359758853912353,2.087937355041504,-0.157603234052658
1781041399353034500,28.50903442382813,0.3640756905078888,2.1001546382904053,-0.2553416788578033
1781041399363074800,28.51907470703125,0.4068362414836883,2.1478021144866943,-0.2956587672233581
1781041399373145600,28.5291455078125,0.4813618063926697,2.157576084136963,-0.1453859210014343
1781041399383186000,28.53918603515625,0.5864306092262268,2.120924234390259,-0.0940732508897781
1781041399393256700,28.549256591796876,0.656069278717041,1.9889771938323977,-0.1942551434040069
1781041399403327500,28.55932739257813,0.6902777552604675,1.832595705986023,-0.3494149148464203
1781041399413367800,28.569367919921874,0.7232644557952881,1.7214182615280151,-0.4996877610683441
1781041399433509400,28.58950927734375,0.6047565937042236,1.387885808944702,-0.4007275998592376
1781041399443580200,28.599580078125,0.5424483418464661,1.1618657112121582,-0.1221730485558509
1781041399453620500,28.60962036132813,0.6120869517326355,1.018923282623291,-0.0097738439217209
1781041399463630300,28.61963037109375,0.6841690540313721,0.9358455538749696,-0.0329867228865623
1781041399473731600,28.629731689453124,0.6120869517326355,0.8881980776786804,-0.1527163088321685
1781041399483802400,28.63980224609375,0.4300491213798523,0.789237916469574,-0.3445279896259308
1781041399493903600,28.64990356445313,0.2590068578720093,0.5656611919403076,-0.3958406746387481
1781041399504005000,28.660005126953124,0.1441642045974731,0.3225368559360504,-0.2186897546052932
1781041399514076000,28.670075927734377,0.0916297882795333,0.1600466966629028,-0.0183259565383195
1781041399584541000,28.740541015625,0.0598647929728031,-0.7037167549133301,-0.2284636050462722
1781041399614722800,28.770722900390624,-0.0842994004487991,-1.2034045457839966,0.0928515195846557
1781041399624824000,28.780823974609376,-0.1588249653577804,-1.2999212741851809,0.0329867228865623
1781041399634864400,28.790864501953124,-0.2748893499374389,-1.4001030921936035,-0.0610865242779254
1781041399655036400,28.81103637695313,-0.3836233615875244,-1.605353832244873,-0.1258382350206375
1781041399665138000,28.821137939453124,-0.4447098970413208,-1.6310101747512815,-0.1869247704744339
1781041399675178000,28.831177978515623,-0.5510004758834839,-1.6517796516418457,-0.2186897546052932
1781041399685279500,28.841279541015624,-0.6426302194595337,-1.6982053518295288,-0.1417207419872284
1781041399695350300,28.851350341796874,-0.7183775305747986,-1.7837265729904177,0.0916297882795333
1781041399715491800,28.871491943359377,-0.7831292152404785,-2.0231857299804688,0.6695083379745483
1781041399725532200,28.8815322265625,-0.7367035150527954,-1.9352210760116575,0.7061602473258972
1781041399806098400,28.962098388671876,-0.4948008358478546,-1.1789699792861938,0.2162462919950485
1781041399826209500,28.98220947265625,-0.4337143301963806,-1.1838568449020386,0.1661553531885147
1781041399856452600,29.01245263671875,0.0183259565383195,-0.7049384713172913,0.5338962078094482
1781041399866523400,29.0225234375,-0.1282816976308822,-0.6792821288108826,0.3188716471195221
1781041399876594200,29.03259423828125,-0.2724458873271942,-0.6951646208763123,0.1356120854616165
1781041399886665000,29.0426650390625,-0.4080579876899719,-0.7147123217582703,0.0745255574584007
1781041399896735700,29.05273583984375,-0.3958406746387481,-0.6841690540313721,0.3371976017951965
1781041399906806500,29.062806640625,-0.2455678284168243,-0.5400048494338989,0.5876523852348328
1781041399916846800,29.072846923828124,-0.098960168659687,-0.3530801236629486,0.6536257863044739
1781041399926948000,29.082947998046876,0.0427605658769607,-0.1270599663257599,0.4007275998592376
1781041399937019000,29.09301879882813,0.0219911485910415,0.0158824957907199,0.0219911485910415
1781041399947089700,29.103089599609376,-0.140499010682106,0.1343903541564941,-0.1820378452539444
1781041399967170300,29.12317041015625,-0.0085521135479211,0.0305432621389627,-0.1820378452539444
1781041399977241000,29.133240966796876,0.2174680233001709,0.0085521135479211,0.4935791194438934
1781041399987311900,29.14331176757813,0.3481931984424591,0.1270599663257599,0.827111542224884
1781041399997352200,29.153352294921874,0.3933972120285034,0.1771509200334549,0.6328563690185547
1781041400007453400,29.163453369140623,0.3860668241977691,0.2626720666885376,0.1954768747091293
1781041400017524200,29.173524169921876,0.4007275998592376,0.46547931432724,-0.3200933933258056
1781041400027564500,29.183564453125,0.3640756905078888,0.7000515460968018,-0.5094616413116455
1781041400037635300,29.19363525390625,0.1563815027475357,0.8515461683273315,-0.3738495409488678
1781041400067817200,29.223817138671876,0.1429424732923507,0.1795943826436996,0.5497786998748779
1781041400077918500,29.23391845703125,0.2736676335334778,0.171042263507843,0.5180137157440186
1781041400087989500,29.243989501953124,0.2773328125476837,0.2968805134296417,0.3017674386501312
1781041400148414200,29.304414306640624,0.1453859210014343,0.5143485069274902,0.5180137157440186
1781041400198676700,29.3546767578125,0.0928515195846557,0.8710938692092896,-0.1783726513385772
1781041400259162400,29.415162353515623,-0.0122173046693205,0.5668829679489136,0.513126790523529
1781041400269264000,29.425263916015624,-0.0818559452891349,0.6010913848876953,0.3078760802745819
1781041400279334700,29.435334716796874,-0.117286130785942,0.6120869517326355,0.1490511149168014
1781041400289405400,29.445405517578124,-0.0574213340878486,0.6328563690185547,0.0696386396884918
1781041400329688600,29.4856884765625,-0.1209513172507286,0.4056145250797272,0.3017674386501312
1781041400359962000,29.515962158203124,-0.2419026345014572,0.4605923891067505,0.180816113948822
1781041400370002400,29.52600244140625,-0.2797762751579284,0.4935791194438934,0.0696386396884918
1781041400390174500,29.546174560546874,-0.2431243658065796,0.4483750760555267,0.0891863256692886
1781041400400214800,29.55621484375,-0.2040289938449859,0.3897320330142975,0.2541199326515198
1781041400460639500,29.616639404296876,-0.1417207419872284,0.2565633952617645,0.058643065392971
1781041400470710300,29.62671020507813,-0.1612684279680252,0.2553416788578033,-0.0733038261532783
1781041400511024000,29.667024169921874,-0.1771509200334549,0.3164281845092773,0.3811798989772796
1781041400551307300,29.707307373046874,-0.1747074574232101,0.626747727394104,0.2345722615718841
1781041400561378000,29.7173779296875,-0.2480112910270691,0.6157521605491638,0.2113593816757202
1781041400571479300,29.727479248046876,-0.4214970171451568,0.5167919993400574,0.251676470041275
1781041400581519600,29.73751953125,-0.5424483418464661,0.432492583990097,0.3481931984424591
1781041400591620900,29.747620849609376,-0.4874704778194427,0.4056145250797272,0.3152064681053161
1781041400601691600,29.757691650390623,-0.4153883755207062,0.351858377456665,0.1368338167667389
1781041400611793200,29.767793212890624,-0.4703662395477295,0.2345722615718841,0.0256563406437635
1781041400621864000,29.777864013671874,-0.5412266254425049,0.1295034289360046,-0.0122173046693205
1781041400631965200,29.787965087890623,-0.50335294008255,0.0977384373545646,0.0085521135479211
1781041400652168000,29.80816796875,-0.2956587672233581,0.0537561401724815,0.0757472887635231
1781041400662238700,29.81823876953125,-0.2370157092809677,0.0561996027827262,0.171042263507843
1781041400672309500,29.8283095703125,-0.2272418737411499,0.0598647929728031,0.2553416788578033
1781041400682441200,29.838441162109376,-0.1930334120988845,0.0610865242779254,0.3359758853912353
1781041400692542700,29.848542724609377,-0.0879645943641662,0.0708603709936142,0.3591887652873993
1781041400702582800,29.858582763671876,-0.0488692186772823,0.0500909499824047,0.3103195428848266
1781041400712714800,29.86871484375,-0.1026253625750541,0.0134390350431203,0.1722639948129654
1781041400722816000,29.87881591796875,-0.1563815027475357,0.0354301854968071,-0.0378736443817615
1781041400742988300,29.89898828125,-0.1343903541564941,0.1148426681756973,-0.2101376503705978
1781041400763190800,29.91919067382813,0.0085521135479211,0.1429424732923507,0.0916297882795333
1781041400773292000,29.9292919921875,0.1270599663257599,0.130725160241127,0.0659734457731247
1781041400813697300,29.969697265625,0.0305432621389627,0.1295034289360046,-0.3164281845092773
1781041400823768000,29.97976806640625,0.058643065392971,0.0842994004487991,-0.2871066629886627
1781041400833869600,29.98986962890625,0.0708603709936142,0.0696386396884918,-0.2748893499374389
1781041400843970800,29.999970703125,0.0916297882795333,0.0610865242779254,-0.2871066629886627
1781041400854072000,30.010072021484376,0.1270599663257599,0.0916297882795333,-0.3115412890911102
1781041400864173600,30.020173583984377,0.1123992055654525,0.1246165111660957,-0.3604104816913605
1781041400874274800,30.03027490234375,0.0500909499824047,0.1185078546404838,-0.3481931984424591
1781041400894446800,30.05044677734375,0.1160643994808197,0.130725160241127,-0.304210901260376
1781041400904548000,30.06054809570313,0.1649336218833923,0.1209513172507286,-0.2883284091949463
1781041400914649600,30.070649658203124,0.1722639948129654,0.1698205322027206,-0.3335324227809906
1781041400924750800,30.080750732421876,0.171042263507843,0.2357939779758453,-0.4117231667041778
1781041400934852000,30.09085205078125,0.157603234052658,0.2590068578720093,-0.4019493460655212
1781041400944953600,30.10095361328125,0.1624901592731475,0.2687807083129883,-0.351858377456665
1781041400955054800,30.111054931640624,0.2064724564552307,0.2638937830924988,-0.3262020349502563
1781041400965125600,30.121125732421874,0.2089159190654754,0.2260201424360275,-0.3286454975605011
1781041401005439200,30.161439208984376,0.2748893499374389,0.1759291887283325,-0.4923573732376098
1781041401015540700,30.171540771484377,0.3115412890911102,0.1356120854616165,-0.4838052690029144
1781041401025611500,30.181611572265624,0.3494149148464203,0.1136209368705749,-0.4349360466003418
1781041401075965400,30.23196533203125,0.5106833577156067,-0.1160643994808197,-0.1246165111660957
1781041401096107000,30.25210693359375,0.4899139404296875,-0.0452040284872055,-0.2981022298336029
1781041401106147300,30.262147216796876,0.4740314185619354,-0.0427605658769607,-0.3433062732219696
1781041401116218000,30.27221801757813,0.4153883755207062,-0.0684169083833694,-0.3347541689872741
1781041401136359700,30.292359619140623,0.3555235862731933,-0.1282816976308822,-0.2846632003784179
1781041401146400000,30.30239990234375,0.394618958234787,-0.1600466966629028,-0.2834414839744568
1781041401156440300,30.3124404296875,0.4202753007411957,-0.1820378452539444,-0.3115412890911102
1781041401166541600,30.32254150390625,0.4153883755207062,-0.2174680233001709,-0.2993239760398865
1781041401176612400,30.3326123046875,0.3824016451835632,-0.2724458873271942,-0.2321287989616394
1781041401186683100,30.34268310546875,0.3115412890911102,-0.3457497358322143,-0.1563815027475357
1781041401196693000,30.35269287109375,0.2455678284168243,-0.4471533596515655,-0.1392772793769836
1781041401206794200,30.36279418945313,0.2296853363513946,-0.5705481171607971,-0.1209513172507286
1781041401226966500,30.382966552734377,0.2247984111309051,-0.7147123217582703,-0.0598647929728031
1781041401237037300,30.393037353515624,0.1820378452539444,-0.7916813492774963,-0.0635299831628799
1781041401277290000,30.4332900390625,0.0684169083833694,-0.8820894360542297,-0.067195177078247
1781041401287330300,30.443330322265624,0.0415388382971286,-0.8845328688621521,-0.0085521135479211
1781041401297401000,30.453401123046874,0.0012217304902151,-0.8857545852661133,0.0427605658769607
1781041401307472000,30.463471923828124,-0.0048869219608604,-0.9272934198379515,0.0757472887635231
1781041401347785500,30.503785400390623,0.0549778714776039,-0.93095862865448,-0.1514945775270462
1781041401367896600,30.523896484375,0.197920337319374,-0.9456194043159484,-0.0354301854968071
1781041401377937000,30.53393701171875,0.2015855312347412,-0.9419541954994202,-0.0537561401724815
1781041401388038100,30.5440380859375,0.1844813078641891,-0.8881980776786804,-0.0965167060494422
1781041401398139600,30.5541396484375,0.1466076523065567,-0.8283332586288452,-0.1551597714424133
1781041401408179700,30.5641796875,0.1282816976308822,-0.7965682744979858,-0.1539380401372909
1781041401418250500,30.57425048828125,0.1050688251852989,-0.7672467231750488,-0.1209513172507286
1781041401428321500,30.584321533203124,0.0891863256692886,-0.7684684991836548,-0.1637118905782699
1781041401438361600,30.594361572265623,0.0842994004487991,-0.7782423496246338,-0.2553416788578033
1781041401458503400,30.61450341796875,-0.0195476878434419,-0.6914994716644287,-0.4434881806373596
1781041401478675500,30.634675537109377,-0.1820378452539444,-0.5974262356758118,-0.4923573732376098
1781041401488715800,30.6447158203125,-0.1392772793769836,-0.598647952079773,-0.4703662395477295
1781041401498786600,30.65478662109375,-0.0806342139840126,-0.6120869517326355,-0.2797762751579284
1781041401508857300,30.664857421875,-0.0268780700862407,-0.5839871764183044,-0.1160643994808197
1781041401539100200,30.69510009765625,-0.0244346093386411,-0.3921754956245422,-0.2345722615718841
1781041401589423600,30.745423583984376,0.2773328125476837,-0.1551597714424133,-0.3078760802745819
1781041401609565200,30.765565185546876,0.4141666293144226,-0.0183259565383195,-0.3237585723400116
1781041401619636200,30.77563623046875,0.4043927788734436,0.1026253625750541,-0.2797762751579284
1781041401629676300,30.78567626953125,0.3543018400669098,0.2296853363513946,-0.3176499307155609
1781041401639747000,30.7957470703125,0.3213151097297668,0.3494149148464203,-0.4153883755207062
1781041401649787400,30.805787353515623,0.3543018400669098,0.4312708675861358,-0.36529740691185
1781041401659827700,30.81582763671875,0.4483750760555267,0.5485569834709167,-0.1881465017795562
1781041401669898500,30.8258984375,0.4630358517169952,0.6890559792518616,-0.0024434609804302
1781041401679969300,30.83596923828125,0.4227187633514404,0.8820894360542297,0.0305432621389627
1781041401690009600,30.846009521484376,0.4227187633514404,1.0421360731124878,-0.230907067656517
1781041401700050000,30.8560498046875,0.5180137157440186,1.119105100631714,-0.4386012554168701
1781041401710120700,30.86612060546875,0.6585127115249634,1.2180652618408203,-0.4862487316131592
1781041401720222000,30.87622192382813,0.6963863968849182,1.3854423761367798,-0.3933972120285034
1781041401730262300,30.88626220703125,0.66584312915802,1.576032280921936,-0.4263839423656463
1781041401740272000,30.896272216796874,0.6841690540313721,1.665218710899353,-0.5167919993400574
1781041401750373400,30.906373291015623,0.7305948138237,1.6713273525238037,-0.394618958234787
1781041401760474600,30.916474609375,0.788016140460968,1.7287486791610718,-0.1233947798609733
1781041401770515000,30.92651489257813,0.7660250067710876,1.8460347652435305,0.1087340116500854
1781041401840849700,30.996849609375,0.4483750760555267,2.4165828227996826,-0.3689626157283783
1781041401901244000,31.057243896484376,0.4092797040939331,1.4831807613372805,-0.0781907513737678
1781041401931486700,31.08748681640625,0.4386012554168701,1.197295904159546,-0.5106833577156067
1781041401941527000,31.097527099609376,0.4019493460655212,1.0225883722305298,-0.5644394755363464
1781041401951567400,31.1075673828125,0.3286454975605011,0.7867944240570068,-0.5290092825889587
1781041401961668600,31.117668701171876,0.2883284091949463,0.5448917746543884,-0.3665191531181335
1781041401971770000,31.12777001953125,0.3384193480014801,0.3335324227809906,-0.1111774742603302
1781041401981810200,31.13781005859375,0.361632227897644,0.1246165111660957,0.1014036312699318
1781041401991911700,31.14791162109375,0.3262020349502563,-0.0219911485910415,0.2040289938449859
1781041402012053200,31.16805322265625,0.2076941877603531,-0.1148426681756973,0.1270599663257599
1781041402022124000,31.1781240234375,0.1050688251852989,-0.2076941877603531,-0.0122173046693205
1781041402032225300,31.188225341796876,0.0122173046693205,-0.3665191531181335,-0.1637118905782699
1781041402042265600,31.198265625,-0.0574213340878486,-0.5400048494338989,-0.2565633952617645
1781041402052306000,31.20830590820313,-0.1062905490398407,-0.7037167549133301,-0.2406809031963348
1781041402062346200,31.21834619140625,-0.1282816976308822,-0.8600982427597046,-0.0940732508897781
1781041402072417000,31.2284169921875,-0.1136209368705749,-1.0140362977981567,0.0781907513737678
1781041402082487800,31.23848779296875,-0.157603234052658,-1.1704177856445312,0.2174680233001709
1781041402092589000,31.24858911132813,-0.2993239760398865,-1.29381263256073,0.3213151097297668
1781041402112669700,31.268669677734376,-0.5974262356758118,-1.4245377779006958,0.3029891550540924
1781041402122740500,31.278740478515623,-0.750142514705658,-1.5137240886688232,0.1539380401372909
1781041402132841700,31.288841796875,-0.8820894360542297,-1.616349458694458,0.0268780700862407
1781041402142943000,31.29894287109375,-0.9871582388877868,-1.7201964855194092,-0.0207694191485643
1781041402152983300,31.3089833984375,-1.0409144163131714,-1.8374826908111572,0.0219911485910415
1781041402163054000,31.31905419921875,-1.0677924156188965,-1.9327776432037351,0.1661553531885147
1781041402173124900,31.329124755859375,-1.0873401165008545,-1.9792033433914185,0.251676470041275
1781041402183226400,31.339226318359376,-1.0946705341339111,-2.024407386779785,0.3445279896259308
1781041402193297200,31.349297119140623,-1.0958921909332275,-2.046398639678955,0.5632177591323853
1781041402203368000,31.359367919921876,-1.009149432182312,-1.9840903282165527,0.6230825781822205
1781041402213408300,31.369408203125,-0.977384388446808,-1.891238808631897,0.6120869517326355
1781041402223509500,31.379509521484376,-0.977384388446808,-1.891238808631897,0.6120869517326355
1781041402233580300,31.389580322265623,-0.8552113175392151,-1.750739812850952,0.5656611919403076
1781041402253691400,31.40969140625,-0.4996877610683441,-1.6847662925720217,0.6536257863044739
1781041402334257700,31.490257568359375,-0.2113593816757202,-1.036027431488037,0.2553416788578033
1781041402344328700,31.50032861328125,-0.3249803185462951,-0.8918632864952087,0.1014036312699318
1781041402354430000,31.510429931640623,-0.4838052690029144,-0.797789990901947,0.2345722615718841
1781041402364531200,31.52053125,-0.4642575979232788,-0.7367035150527954,0.504574716091156
1781041402374571500,31.53057153320313,-0.3262020349502563,-0.6976081132888794,0.8613200187683105
1781041402384672800,31.5406728515625,-0.2052507251501083,-0.5864306092262268,0.9480628371238708
1781041402394774300,31.550774169921876,-0.0842994004487991,-0.3909537494182586,0.7073819637298584
1781041402404814300,31.560814453125,-0.0280998013913631,-0.1893682330846786,0.3567453026771545
1781041402465361400,31.621361328125,-0.0085521135479211,0.0219911485910415,1.080009698867798
1781041402475432200,31.63143212890625,0.1087340116500854,0.0390953756868839,0.9761626720428468
1781041402485533400,31.641533447265623,0.1527163088321685,0.090408056974411,0.5974262356758118
1781041402495604200,31.651604248046876,0.0464257597923278,0.2284636050462722,-0.0171042270958423
1781041402505705500,31.66170556640625,-0.1930334120988845,0.3139847218990326,-0.6633996367454529
1781041402525877800,31.681877685546876,-0.1966986060142517,0.1930334120988845,-0.1771509200334549
1781041402546080300,31.702080322265623,0.251676470041275,0.0378736443817615,0.8014551997184753
1781041402556181500,31.712181396484375,0.2651155292987823,0.090408056974411,0.93095862865448
1781041402566252500,31.72225244140625,0.2089159190654754,0.140499010682106,0.4471533596515655
1781041402576384300,31.73238427734375,0.0146607663482427,0.1551597714424133,-0.090408056974411
1781041402586485500,31.74248559570313,-0.1600466966629028,0.2651155292987823,-0.4153883755207062
1781041402596587000,31.7525869140625,-0.2076941877603531,0.4276056587696075,-0.4789183437824249
1781041402606688300,31.762688232421876,-0.1441642045974731,0.5265658497810364,-0.2761110961437225
1781041402616789500,31.77278955078125,0.1160643994808197,0.5253441333770752,0.171042263507843
1781041402626860300,31.7828603515625,0.3530801236629486,0.4691445231437683,0.5522221922874451
1781041402636961500,31.79296142578125,0.4141666293144226,0.4679227769374847,0.7464773058891296
1781041402647063000,31.80306298828125,0.3579670190811157,0.5693264007568359,0.5998696684837341
1781041402667265500,31.823265625,0.1441642045974731,0.8381071090698242,-0.3225368559360504
1781041402677367000,31.833366943359376,0.1221730485558509,0.8319984674453735,-0.3347541689872741
1781041402707670800,31.8636708984375,0.1026253625750541,0.5754350423812866,0.5962044596672058
1781041402727873500,31.88387353515625,0.0684169083833694,0.375071257352829,0.4398229718208313
1781041402737974800,31.893974853515623,0.0,0.3799581825733185,0.1942551434040069
1781041402748076000,31.904075927734375,-0.1233947798609733,0.3885102868080139,0.0085521135479211
1781041402758147000,31.91414697265625,-0.2345722615718841,0.3726277947425842,-0.0427605658769607
1781041402768217900,31.9242177734375,-0.2419026345014572,0.3591887652873993,0.0085521135479211
1781041402798521600,31.954521484375,0.1148426681756973,0.3506366610527038,0.2138028293848037
1781041402859099100,32.01509912109375,0.0232128798961639,0.5705481171607971,0.0598647929728031
1781041402869170000,32.025169921875,0.0109955742955207,0.5497786998748779,0.1466076523065567
1781041402879271200,32.03527124023437,0.0109955742955207,0.5497786998748779,0.1466076523065567
1781041402889342000,32.04534204101562,-0.0048869219608604,0.5644394755363464,0.1905899494886398
1781041402899382300,32.05538232421875,-0.0500909499824047,0.5180137157440186,0.2504547536373138
1781041402909422600,32.06542260742187,-0.1258382350206375,0.4276056587696075,0.371406078338623
1781041402919463000,32.075462890625,-0.1514945775270462,0.4214970171451568,0.3347541689872741
1781041402939574000,32.09557397460937,-0.1893682330846786,0.342084527015686,0.1319468915462494
1781041402949644800,32.10564477539062,-0.221133217215538,0.2956587672233581,0.1551597714424133
1781041402959685000,32.11568505859375,-0.2626720666885376,0.3384193480014801,0.1270599663257599
1781041402969756000,32.125755859375,-0.2932153046131134,0.3445279896259308,0.0464257597923278
1781041402979826700,32.13582666015625,-0.2247984111309051,0.2394591718912124,0.1392772793769836
1781041402989897500,32.1458974609375,-0.1588249653577804,0.2651155292987823,0.2504547536373138
1781041402999968300,32.15596826171875,-0.1514945775270462,0.2846632003784179,0.261450320482254
1781041403010039000,32.1660390625,-0.1771509200334549,0.2797762751579284,0.197920337319374
1781041403030150100,32.18615014648437,-0.1905899494886398,0.3066543638706207,0.0036651915870606
1781041403040221000,32.19622094726562,-0.1527163088321685,0.3445279896259308,-0.0500909499824047
1781041403050291700,32.20629174804687,-0.1282816976308822,0.3885102868080139,-0.0842994004487991
1781041403060332000,32.21633203125,-0.1185078546404838,0.4019493460655212,-0.0659734457731247
1781041403070372400,32.22637231445312,-0.1123992055654525,0.3909537494182586,-0.0073303831741213
1781041403080443100,32.23644311523437,-0.1111774742603302,0.3970624208450317,0.0488692186772823
1781041403090514000,32.24651391601562,-0.0965167060494422,0.4447098970413208,0.0439822971820831
1781041403100554200,32.25655419921875,-0.1246165111660957,0.4764748811721802,-0.0146607663482427
1781041403110625000,32.266625,-0.1490511149168014,0.5009095072746277,-0.0452040284872055
1781041403120695800,32.27669580078125,-0.1466076523065567,0.5338962078094482,-0.0647517144680023
1781041403130797000,32.28679711914062,-0.1392772793769836,0.5497786998748779,-0.0537561401724815
1781041403140807000,32.29680688476562,-0.1331686228513717,0.5070181488990784,-0.0452040284872055
1781041403150908200,32.306908203125,-0.1380555480718612,0.394618958234787,0.0659734457731247
1781041403160979000,32.31697900390625,-0.1429424732923507,0.3249803185462951,0.1747074574232101
1781041403171080200,32.327080078125,-0.1441642045974731,0.2907718420028686,0.167377084493637
1781041403181090000,32.33709008789062,-0.1233947798609733,0.2296853363513946,0.0549778714776039
1781041403191191300,32.34719140625,-0.1087340116500854,0.1905899494886398,-0.1001818999648094
1781041403201262000,32.357261962890625,-0.1038470938801765,0.2186897546052932,-0.2419026345014572
1781041403211332900,32.367332763671875,-0.0940732508897781,0.2223549485206604,-0.3005456924438476
1781041403221373200,32.37737329101562,-0.0464257597923278,0.1942551434040069,-0.2553416788578033
1781041403231474700,32.387474609375,0.0,0.2162462919950485,-0.1502728462219238
1781041403241576000,32.39757592773437,0.0024434609804302,0.2467895597219467,-0.1050688251852989
1781041403251646700,32.40764672851562,-0.0024434609804302,0.2406809031963348,-0.0720821022987365
1781041403261717500,32.41771752929687,0.0452040284872055,0.230907067656517,-0.098960168659687
1781041403281859000,32.43785913085937,0.0635299831628799,0.1893682330846786,-0.1331686228513717
1781041403301970200,32.45797021484375,0.0061086523346602,0.0610865242779254,-0.1527163088321685
1781041403312010500,32.46801049804687,-0.0134390350431203,0.0464257597923278,-0.2370157092809677
1781041403322050800,32.47805078125,-0.0171042270958423,0.0329867228865623,-0.3066543638706207
1781041403332152000,32.48815209960937,-0.0171042270958423,-0.0109955742955207,-0.2590068578720093
1781041403342192400,32.4981923828125,-0.0048869219608604,-0.0720821022987365,-0.1356120854616165
1781041403352263200,32.50826318359375,0.0464257597923278,-0.1319468915462494,-0.0525344125926494
1781041403362334000,32.518333984375,0.1014036312699318,-0.1698205322027206,-0.0366519130766391
1781041403372404700,32.52840478515625,0.0891863256692886,-0.1759291887283325,-0.1099557429552078
1781041403382475500,32.5384755859375,0.0439822971820831,-0.1930334120988845,-0.2052507251501083
1781041403392576800,32.54857666015625,0.0146607663482427,-0.2113593816757202,-0.2700024247169494
1781041403402647800,32.55864770507812,-0.0012217304902151,-0.2443460971117019,-0.2871066629886627
1781041403412718600,32.56871850585937,0.0171042270958423,-0.2822197377681732,-0.2101376503705978
1781041403432860200,32.58886010742187,0.1160643994808197,-0.3225368559360504,-0.0403171069920063
1781041403442900500,32.598900390625,0.1857030391693115,-0.3274237811565399,-0.0085521135479211
1781041403452971300,32.60897119140625,0.2113593816757202,-0.3298672437667846,-0.0464257597923278
1781041403462980900,32.61898095703125,0.180816113948822,-0.3200933933258056,-0.0610865242779254
1781041403483183600,32.63918359375,0.1319468915462494,-0.3310889601707458,-0.0769690200686454
1781041403493254400,32.64925439453125,0.1050688251852989,-0.3567453026771545,-0.0940732508897781
1781041403503325200,32.6593251953125,0.098960168659687,-0.3579670190811157,-0.1759291887283325
1781041403513396000,32.66939599609375,0.090408056974411,-0.36529740691185,-0.2235766798257827
1781041403523436300,32.67943627929687,0.0855211317539215,-0.375071257352829,-0.2541199326515198
1781041403533507000,32.68950708007812,0.1050688251852989,-0.3787364661693573,-0.2431243658065796
1781041403543547400,32.69954736328125,0.130725160241127,-0.3824016451835632,-0.2064724564552307
1781041403563628000,32.7196279296875,0.1795943826436996,-0.3726277947425842,-0.1698205322027206
1781041403583800000,32.73980004882812,0.2150245606899261,-0.3200933933258056,-0.1771509200334549
1781041403603941600,32.75994165039062,0.2186897546052932,-0.3005456924438476,-0.1624901592731475
1781041403613982000,32.76998193359375,0.1881465017795562,-0.2846632003784179,-0.2101376503705978
1781041403634154000,32.79015405273437,0.1246165111660957,-0.3017674386501312,-0.280998021364212
1781041403644224800,32.80022485351562,0.1062905490398407,-0.2834414839744568,-0.2357939779758453
1781041403654295600,32.81029565429687,0.117286130785942,-0.2553416788578033,-0.230907067656517
1781041403664336000,32.8203359375,0.1221730485558509,-0.2736676335334778,-0.2260201424360275
1781041403674376200,32.83037622070312,0.098960168659687,-0.3103195428848266,-0.2174680233001709
1781041403684447000,32.84044702148437,0.0806342139840126,-0.3103195428848266,-0.2797762751579284
1781041403694548200,32.85054833984375,0.0500909499824047,-0.3090978264808655,-0.3359758853912353
1781041403704588500,32.86058862304687,0.0574213340878486,-0.3494149148464203,-0.3115412890911102
1781041403714659300,32.87065942382812,0.1270599663257599,-0.4019493460655212,-0.2040289938449859
1781041403724730000,32.88073022460937,0.2235766798257827,-0.4312708675861358,-0.0733038261532783
1781041403734801000,32.89080078125,0.2651155292987823,-0.4581489264965057,0.0134390350431203
1781041403744871700,32.90087158203125,0.2638937830924988,-0.4728097021579742,-0.0146607663482427
1781041403754912000,32.910912109375,0.2113593816757202,-0.4948008358478546,-0.1539380401372909
1781041403764952300,32.92095239257812,0.1490511149168014,-0.5204572081565857,-0.2590068578720093
1781041403775053600,32.931053466796875,0.1221730485558509,-0.5216789245605469,-0.3152064681053161
1781041403785094000,32.94109399414062,0.0855211317539215,-0.5571091175079346,-0.2932153046131134
1781041403795164700,32.95116455078125,0.058643065392971,-0.6035348773002625,-0.2064724564552307
1781041403805235500,32.9612353515625,0.0610865242779254,-0.6255260109901428,-0.1441642045974731
1781041403815306500,32.97130639648437,0.0781907513737678,-0.6426302194595337,-0.1111774742603302
1781041403825377300,32.98137719726562,0.117286130785942,-0.618195652961731,-0.1466076523065567
1781041403835478500,32.991478515625,0.117286130785942,-0.618195652961731,-0.1466076523065567
1781041403845549300,33.00154931640625,0.1453859210014343,-0.5962044596672058,-0.2138028293848037
1781041403855589600,33.01158959960937,0.1942551434040069,-0.616973876953125,-0.1685988008975982
1781041403875731200,33.03173120117187,0.1698205322027206,-0.5705481171607971,-0.230907067656517
1781041403885832400,33.04183251953125,0.1380555480718612,-0.5632177591323853,-0.2528982162475586
1781041403895903200,33.0519033203125,0.1282816976308822,-0.5497786998748779,-0.2883284091949463
1781041403905943600,33.06194360351562,0.1099557429552078,-0.5265658497810364,-0.2956587672233581
1781041403916014300,33.07201440429687,0.1123992055654525,-0.5204572081565857,-0.2040289938449859
1781041403926085000,33.08208520507812,0.1160643994808197,-0.50335294008255,-0.0464257597923278
1781041403936186600,33.0921865234375,0.1270599663257599,-0.4569272100925445,-0.0061086523346602
1781041403966368500,33.12236840820312,0.0867428630590438,-0.2443460971117019,-0.3164281845092773
1781041404046904300,33.202904296875,0.2590068578720093,0.0757472887635231,-0.1209513172507286
1781041404137633000,33.29363305664062,0.4948008358478546,0.846659243106842,-0.1502728462219238
1781041404198088400,33.35408837890625,0.46547931432724,1.3854423761367798,-0.140499010682106
1781041404278746400,33.43474633789062,0.7037167549133301,2.0036380290985107,0.0244346093386411
1781041404359343400,33.51534326171875,0.1136209368705749,1.871691107749939,-0.9346238374710084
1781041404419829000,33.5758291015625,0.2663372457027435,1.138652801513672,-0.3579670190811157
1781041404510710500,33.66671044921875,0.0403171069920063,-0.5900958180427551,-0.2932153046131134
1781041404581389000,33.73738916015625,-0.5900958180427551,-1.673770785331726,-0.1331686228513717
1781041404591490600,33.74749047851562,-0.66584312915802,-1.7800613641738892,-0.0219911485910415
1781041404601561300,33.75756127929687,-0.7183775305747986,-1.7702875137329102,0.0757472887635231
1781041404611662600,33.76766259765625,-0.7831292152404785,-1.7702875137329102,0.0610865242779254
1781041404631865000,33.787864990234375,-0.7782423496246338,-1.9620991945266724,0.0342084541916847
1781041404652067800,33.80806787109375,-0.6304129362106323,-1.930334210395813,-0.0403171069920063
1781041404662169000,33.81816918945312,-0.607200026512146,-1.9083430767059328,-0.2162462919950485
1781041404672270600,33.8282705078125,-0.5937610268592834,-1.9559905529022217,-0.2443460971117019
1781041404682371800,33.83837182617187,-0.5827654600143433,-2.0036380290985107,-0.0549778714776039
1781041404692473000,33.84847314453125,-0.5754350423812866,-1.986533761024475,0.251676470041275
1781041404702574300,33.85857421875,-0.5400048494338989,-1.892460584640503,0.3665191531181335
1781041404712675800,33.86867578125,-0.5314527750015259,-1.8374826908111572,0.4691445231437683
1781041404722777000,33.87877709960937,-0.5302310585975647,-1.7898352146148682,0.5949827432632446
1781041404742979800,33.89897973632812,-0.4092797040939331,-1.5943583250045776,0.6133087277412415
1781041404753081000,33.9090810546875,-0.4532620012760162,-1.549154281616211,0.4813618063926697
1781041404763182300,33.91918237304687,-0.5412266254425049,-1.557706356048584,0.4569272100925445
1781041404773283600,33.92928369140625,-0.6059783101081848,-1.501506805419922,0.4679227769374847
1781041404783354400,33.939354248046875,-0.5412266254425049,-1.4575244188308716,0.5387831330299377
1781041404793455900,33.94945581054687,-0.3787364661693573,-1.3720033168792725,0.6780604124069214
1781041404803496200,33.95949609375,-0.2577851414680481,-1.1203268766403198,0.5925393104553223
1781041404884184600,34.0401845703125,0.0965167060494422,0.0549778714776039,0.0073303831741213
1781041404894225000,34.05022485351562,-0.0476474873721599,0.0842994004487991,-0.5803219676017761
1781041404904295700,34.06029565429687,-0.2626720666885376,0.0891863256692886,-0.7623597979545593
1781041404914366500,34.07036645507812,-0.2919935882091522,0.1160643994808197,-0.5681046843528748
1781041404924437200,34.08043725585937,-0.140499010682106,0.1148426681756973,0.0403171069920063
1781041404944609300,34.100609375,0.3017674386501312,0.4263839423656463,0.720820963382721
1781041404954680000,34.11068017578125,0.3555235862731933,0.5241223573684692,0.3860668241977691
1781041404964720400,34.12072045898437,0.2895501255989074,0.5192354321479797,-0.0061086523346602
1781041404974821600,34.130821533203125,0.167377084493637,0.4398229718208313,-0.1527163088321685
1781041404984892700,34.140892578125,0.0366519130766391,0.3982841372489929,-0.1111774742603302
1781041404994994000,34.15099389648437,-0.0598647929728031,0.3445279896259308,-0.0806342139840126
1781041405005064700,34.16106469726562,-0.0537561401724815,0.180816113948822,0.1380555480718612
1781041405015135500,34.17113549804687,0.0781907513737678,0.0745255574584007,0.5400048494338989
1781041405025236700,34.18123681640625,0.1722639948129654,0.1429424732923507,0.789237916469574
1781041405035307500,34.1913076171875,0.1233947798609733,0.2638937830924988,0.6548475623130798
1781041405045378300,34.20137841796875,-0.0061086523346602,0.3200933933258056,0.2858849465847015
1781041405055418600,34.21141870117187,-0.0830776765942573,0.3775147199630737,-0.0244346093386411
1781041405156126700,34.31212670898437,0.0171042270958423,0.5693264007568359,0.5302310585975647
1781041405166167000,34.3221669921875,0.0305432621389627,0.6096435189247131,0.4960225820541382
1781041405176237800,34.33223779296875,-0.0329867228865623,0.6414085030555725,0.3286454975605011
1781041405186339000,34.34233911132812,-0.0940732508897781,0.6255260109901428,0.1563815027475357
1781041405196379400,34.35237939453125,-0.0965167060494422,0.6145304441452026,0.0024434609804302
1781041405216490500,34.37249047851562,-0.0806342139840126,0.608421802520752,0.0024434609804302
1781041405226561300,34.38256127929687,-0.0781907513737678,0.5277875661849976,0.2113593816757202
1781041405236662500,34.39266259765625,-0.0537561401724815,0.4605923891067505,0.4031710624694824
1781041405256834800,34.41283471679687,-0.0659734457731247,0.4312708675861358,0.3921754956245422
1781041405266905600,34.42290551757812,-0.0806342139840126,0.4447098970413208,0.3054326176643371
1781041405277006800,34.4330068359375,-0.0818559452891349,0.475253164768219,0.2333505302667617
1781041405287077600,34.44307763671875,-0.0879645943641662,0.4899139404296875,0.1551597714424133
1781041405337431600,34.493431640625,-0.117286130785942,0.3872885704040527,0.2223549485206604
1781041405347533000,34.50353295898437,-0.1539380401372909,0.4031710624694824,0.1258382350206375
1781041405357573000,34.513572998046875,-0.2101376503705978,0.4043927788734436,0.0525344125926494
1781041405367644000,34.523643798828125,-0.2553416788578033,0.3897320330142975,0.067195177078247
1781041405377653800,34.53365380859375,-0.2394591718912124,0.3469714522361755,0.1466076523065567
1781041405417967600,34.57396752929687,-0.3555235862731933,0.3017674386501312,0.1857030391693115
1781041405428068900,34.58406884765625,-0.3481931984424591,0.3799581825733185,0.1038470938801765
1781041405438139600,34.5941396484375,-0.2956587672233581,0.3909537494182586,0.0720821022987365
1781041405458281200,34.61428125,-0.251676470041275,0.3323107063770294,0.2638937830924988
1781041405468382500,34.62438256835937,-0.2785545587539673,0.3359758853912353,0.3323107063770294
1781041405478453200,34.63445336914062,-0.2822197377681732,0.3115412890911102,0.3335324227809906
1781041405488493600,34.64449365234375,-0.2968805134296417,0.2883284091949463,0.2736676335334778
1781041405498534000,34.65453393554687,-0.2724458873271942,0.3152064681053161,0.1771509200334549
1781041405508635100,34.66463525390625,-0.2626720666885376,0.3200933933258056,0.1331686228513717
1781041405518736600,34.67473657226562,-0.2419026345014572,0.2993239760398865,0.1502728462219238
1781041405528807400,34.68480737304687,-0.2138028293848037,0.2822197377681732,0.1734857261180877
1781041405538878200,34.69487817382812,-0.2162462919950485,0.2553416788578033,0.1685988008975982
1781041405549010000,34.70501000976562,-0.2235766798257827,0.2247984111309051,0.167377084493637
1781041405579191800,34.73519189453125,-0.2321287989616394,0.2687807083129883,0.1001818999648094
1781041405679808300,34.83580834960937,0.0146607663482427,0.2736676335334778,-0.0659734457731247
1781041405699889000,34.85588891601562,-0.0036651915870606,0.1783726513385772,-0.1918116807937622
1781041405740202500,34.896202392578125,0.1014036312699318,-0.0171042270958423,-0.0696386396884918
1781041405750273500,34.9062734375,0.1050688251852989,-0.0415388382971286,0.0183259565383195
1781041405760344300,34.91634423828125,0.1197295859456062,-0.0525344125926494,0.0537561401724815
1781041405770445600,34.92644555664062,0.1295034289360046,-0.0476474873721599,-0.0207694191485643
1781041405780516400,34.93651635742187,0.1136209368705749,-0.0439822971820831,-0.1148426681756973
1781041405790526200,34.94652612304687,0.107512280344963,-0.0073303831741213,-0.1844813078641891
1781041405800627500,34.95662744140625,0.0977384373545646,0.0354301854968071,-0.2284636050462722
1781041405810698200,34.9666982421875,0.0879645943641662,0.0647517144680023,-0.2089159190654754
1781041405840941000,34.99694116210937,0.1466076523065567,0.1099557429552078,-0.0280998013913631
1781041405861113300,35.01711328125,0.2223549485206604,0.0952949747443199,-0.1539380401372909
1781041405871214600,35.02721459960937,0.1930334120988845,0.0610865242779254,-0.2419026345014572
1781041405881285400,35.03728540039062,0.171042263507843,0.0794124826788902,-0.3054326176643371
1781041405891356200,35.04735620117187,0.1771509200334549,0.0745255574584007,-0.36529740691185
1781041405901457400,35.05745751953125,0.2015855312347412,-0.0097738439217209,-0.3139847218990326
1781041405911497700,35.06749780273437,0.2406809031963348,-0.0635299831628799,-0.2076941877603531
1781041405921568500,35.07756860351562,0.280998021364212,-0.0769690200686454,-0.1441642045974731
1781041405931639300,35.08763940429687,0.342084527015686,-0.107512280344963,-0.1466076523065567
1781041405992003000,35.14800317382812,0.4801400899887085,0.0610865242779254,-0.0781907513737678
1781041406002104600,35.1581044921875,0.4532620012760162,0.1637118905782699,-0.1197295859456062
1781041406012175400,35.16817529296875,0.3921754956245422,0.2260201424360275,-0.1588249653577804
1781041406022246100,35.17824609375,0.3995058834552765,0.2064724564552307,-0.0757472887635231
1781041406032317000,35.18831689453125,0.4569272100925445,0.2052507251501083,-0.0366519130766391
1781041406052519400,35.20851953125,0.4251621961593628,0.0940732508897781,-0.1026253625750541
1781041406062590200,35.218590087890625,0.4349360466003418,0.0171042270958423,-0.1282816976308822
1781041406072661000,35.228660888671875,0.4386012554168701,-0.0781907513737678,-0.1123992055654525
1781041406082701300,35.23870141601562,0.4178318381309509,-0.1771509200334549,-0.1050688251852989
1781041406092772000,35.24877221679687,0.4202753007411957,-0.2834414839744568,-0.1038470938801765
1781041406102812400,35.2588125,0.4434881806373596,-0.3995058834552765,-0.0329867228865623
1781041406112852700,35.26885278320312,0.4532620012760162,-0.4605923891067505,0.0268780700862407
1781041406122923500,35.27892358398437,0.4056145250797272,-0.5094616413116455,0.0244346093386411
1781041406133024800,35.289024658203125,0.3200933933258056,-0.5729916095733643,-0.0733038261532783
1781041406143095800,35.299095703125,0.2113593816757202,-0.6389650702476501,-0.221133217215538
1781041406153197000,35.30919702148437,0.1136209368705749,-0.6768386960029602,-0.3677408695220947
1781041406163298300,35.31929833984375,0.0745255574584007,-0.7281513810157776,-0.3787364661693573
1781041406183409400,35.33940942382812,0.1123992055654525,-0.8283332586288452,-0.1368338167667389
1781041406203551000,35.35955102539062,0.0830776765942573,-0.9199630618095398,-0.2333505302667617
1781041406213591300,35.36959130859375,0.0329867228865623,-0.923628270626068,-0.2858849465847015
1781041406223692500,35.37969262695312,-0.051312681287527,-0.979827880859375,-0.4373795092105865
1781041406233794000,35.3897939453125,-0.0842994004487991,-1.0396926403045654,-0.4263839423656463
1781041406243864800,35.39986474609375,-0.0769690200686454,-1.0323622226715088,-0.3628539443016052
1781041406284178400,35.44017846679687,-0.0329867228865623,-0.9065240025520324,-0.0122173046693205
1781041406294249200,35.45024926757812,-0.0977384373545646,-0.856433093547821,-0.1270599663257599
1781041406354765600,35.510765625,-0.171042263507843,-0.7586946487426758,-0.140499010682106
1781041406364836400,35.52083642578125,-0.1588249653577804,-0.6927211880683899,-0.2052507251501083
1781041406374907100,35.5309072265625,-0.2076941877603531,-0.6487388610839844,-0.3237585723400116
1781041406384978000,35.54097802734375,-0.2138028293848037,-0.636521577835083,-0.3689626157283783
1781041406395079400,35.55107934570312,-0.157603234052658,-0.6255260109901428,-0.2932153046131134
1781041406405180700,35.5611806640625,-0.0769690200686454,-0.5998696684837341,-0.1637118905782699
1781041406415251500,35.57125146484375,-0.0403171069920063,-0.5436700582504272,-0.0830776765942573
1781041406425322200,35.581322265625,-0.0525344125926494,-0.442266434431076,-0.0891863256692886
1781041406435454000,35.591453857421875,-0.0171042270958423,-0.3689626157283783,-0.221133217215538
1781041406445525000,35.60152490234375,0.0366519130766391,-0.351858377456665,-0.2797762751579284
1781041406475767800,35.63176782226562,0.1881465017795562,0.0598647929728031,-0.2761110961437225
1781041406526274300,35.6822744140625,0.4703662395477295,0.5815436840057373,-0.1038470938801765
1781041406536375800,35.69237573242187,0.4972442984580993,0.6670648455619812,-0.1221730485558509
1781041406546446600,35.70244653320312,0.5827654600143433,0.7220427393913269,-0.0635299831628799
1781041406607054300,35.76305444335937,0.371406078338623,1.6200146675109863,-0.2895501255989074
1781041406617094700,35.7730947265625,0.3982841372489929,1.8362609148025513,-0.3677408695220947
1781041406627226600,35.7832265625,0.3225368559360504,2.0500638484954834,-0.5119050741195679
1781041406637328000,35.79332788085937,0.2199114859104156,2.168571710586548,-0.5424483418464661
1781041406647429000,35.80342919921875,0.2028072625398636,2.14902400970459,-0.2321287989616394
1781041406657469400,35.81346948242187,0.3213151097297668,2.1087067127227783,0.1857030391693115
1781041406667601400,35.82360131835937,0.4789183437824249,2.144136905670166,0.3384193480014801
1781041406677702700,35.83370263671875,0.5644394755363464,2.2296581268310547,0.1197295859456062
1781041406687804000,35.84380395507812,0.5619960427284241,2.3628268241882324,-0.4068362414836883
1781041406697874700,35.85387475585937,0.4935791194438934,2.4495697021484375,-1.003040790557861
1781041406707976000,35.863975830078125,0.4862487316131592,2.433687210083008,-1.2999212741851809
1781041406718077400,35.87407739257812,0.4838052690029144,2.339613914489746,-1.1545352935791016
1781041406728178700,35.8841787109375,0.5216789245605469,2.1893410682678223,-0.6377432942390442
1781041406738249500,35.89424951171875,0.6633996367454529,1.986533761024475,-0.0280998013913631
1781041406748381400,35.90438134765625,0.7929030656814575,1.7690657377243042,0.3555235862731933
1781041406809019600,35.96501953125,0.4386012554168701,0.6218608021736145,-0.7134906053543091
1781041406849364000,36.00536401367187,0.3799581825733185,0.1380555480718612,-0.3396410644054413
1781041406859434800,36.01543481445312,0.3225368559360504,0.0122173046693205,-0.1869247704744339
1781041406879576300,36.03557641601562,0.157603234052658,-0.3762930035591125,-0.1295034289360046
1781041406889647000,36.04564721679687,0.0635299831628799,-0.5326744914054871,-0.0232128798961639
1781041406899718000,36.0557177734375,-0.0476474873721599,-0.6352998614311218,-0.0061086523346602
1781041406909788700,36.06578857421875,-0.1502728462219238,-0.7513642311096191,-0.058643065392971
1781041406919829000,36.0758291015625,-0.2419026345014572,-0.8747590184211731,-0.147829383611679
1781041406929930500,36.08593041992187,-0.3066543638706207,-0.9908234477043152,-0.2150245606899261
1781041406940001300,36.09600122070312,-0.3298672437667846,-1.1068878173828125,-0.1783726513385772
1781041406950041600,36.10604150390625,-0.4166100919246673,-1.428202986717224,0.2223549485206604
1781041406960112400,36.1161123046875,-0.4166100919246673,-1.428202986717224,0.2223549485206604
1781041406970183200,36.12618310546875,-0.5497786998748779,-1.7006487846374512,0.3726277947425842
1781041407000334300,36.156334228515625,-0.9847147464752196,-1.665218710899353,-0.180816113948822
1781041407010435800,36.16643579101562,-1.0323622226715088,-1.6615535020828247,-0.3640756905078888
1781041407020506600,36.17650659179687,-0.9651671051979064,-1.8374826908111572,-0.3005456924438476
1781041407040678700,36.1966787109375,-0.827111542224884,-2.1258111000061035,0.4227187633514404
1781041407060850700,36.2168505859375,-0.7684684991836548,-2.001194477081299,0.8784242272377014
1781041407070891000,36.22689111328125,-0.6951646208763123,-1.7556266784667969,0.5705481171607971
1781041407080992500,36.23699243164062,-0.6829473376274109,-1.6285667419433594,-0.0195476878434419
1781041407121214500,36.27721435546875,-0.4764748811721802,-1.557706356048584,0.9871582388877868
1781041407141325600,36.29732568359375,-0.1429424732923507,-1.470963478088379,1.3634512424468994
1781041407151396400,36.307396240234375,-0.1429424732923507,-1.281595230102539,0.8429940342903137
1781041407161497900,36.31749780273437,-0.2736676335334778,-1.1447614431381226,0.0684169083833694
1781041407171538200,36.3275380859375,-0.4007275998592376,-1.1325441598892212,-0.1368338167667389
1781041407181547800,36.3375478515625,-0.3811798989772796,-0.9993755221366882,0.271224170923233
1781041407191649000,36.34764892578125,-0.2956587672233581,-0.7110471725463867,0.598647952079773
1781041407201689300,36.357689453125,-0.3103195428848266,-0.5571091175079346,0.5497786998748779
1781041407211790800,36.36779077148437,-0.3139847218990326,-0.6524040699005127,0.616973876953125
1781041407221831000,36.377830810546875,-0.1991420686244964,-0.6120869517326355,0.8234463334083557
1781041407231902000,36.38790185546875,-0.1319468915462494,-0.4483750760555267,0.759916365146637
1781041407241942000,36.39794189453125,-0.1514945775270462,-0.36529740691185,0.5852088928222656
1781041407252043500,36.40804345703125,-0.2455678284168243,-0.361632227897644,0.2663372457027435
1781041407262144800,36.41814477539062,-0.371406078338623,-0.3335324227809906,-0.1356120854616165
1781041407272246000,36.42824609375,-0.461814135313034,-0.230907067656517,-0.3567453026771545
1781041407312529200,36.468529052734375,0.0916297882795333,0.0256563406437635,0.7440338730812073
1781041407332671000,36.4886708984375,0.0659734457731247,0.0122173046693205,0.1514945775270462
1781041407342741800,36.49874169921875,-0.0219911485910415,0.1869247704744339,-0.0232128798961639
1781041407352812500,36.5088125,-0.0830776765942573,0.3567453026771545,-0.2260201424360275
1781041407362913800,36.51891381835937,-0.0317649915814399,0.3933972120285034,-0.2015855312347412
1781041407373015000,36.52901513671875,0.0842994004487991,0.4092797040939331,0.0
1781041407403288600,36.55928857421875,0.3481931984424591,0.5583308339118958,0.261450320482254
1781041407433531400,36.58953149414062,0.2932153046131134,0.8295549750328064,-0.0024434609804302
1781041407443602200,36.59960229492187,0.2993239760398865,0.970054030418396,0.0158824957907199
1781041407453703700,36.60970361328125,0.2761110961437225,1.0482447147369385,0.1380555480718612
1781041407463774500,36.6197744140625,0.1893682330846786,0.940732479095459,0.2858849465847015
1781041407473784000,36.6297841796875,0.1246165111660957,0.7195992469787598,0.5265658497810364
1781041407483885600,36.63988549804687,0.1038470938801765,0.5803219676017761,0.5192354321479797
1781041407493895200,36.64989526367187,0.0745255574584007,0.5778785347938538,0.2565633952617645
1781041407514067500,36.6700673828125,0.1136209368705749,0.6633996367454529,-0.0305432621389627
1781041407524168700,36.68016870117187,0.0952949747443199,0.7159340381622314,0.0977384373545646
1781041407534270000,36.69027001953125,0.1441642045974731,0.7586946487426758,0.2528982162475586
1781041407544340700,36.7003408203125,0.1734857261180877,0.7525860071182251,0.3078760802745819
1781041407554442200,36.71044213867187,0.167377084493637,0.6878342628479004,0.2700024247169494
1781041407564543500,36.72054345703125,0.140499010682106,0.6157521605491638,0.1832595765590667
1781041407574614300,36.7306142578125,0.1209513172507286,0.5619960427284241,0.1026253625750541
1781041407584685000,36.74068505859375,0.1722639948129654,0.5277875661849976,0.0806342139840126
1781041407604857000,36.76085717773437,0.157603234052658,0.4703662395477295,0.221133217215538
1781041407614928000,36.77092797851562,0.1062905490398407,0.4642575979232788,0.3213151097297668
1781041407624998700,36.78099853515625,0.0525344125926494,0.442266434431076,0.3494149148464203
1781041407635039000,36.7910390625,-0.0146607663482427,0.4361577928066253,0.3738495409488678
1781041407645109800,36.80110986328125,-0.0867428630590438,0.4630358517169952,0.3164281845092773
1781041407655150000,36.81115014648437,-0.1417207419872284,0.4605923891067505,0.2687807083129883
1781041407665190400,36.8211904296875,-0.1930334120988845,0.4227187633514404,0.2284636050462722
1781041407675261200,36.83126123046875,-0.2138028293848037,0.4031710624694824,0.1441642045974731
1781041407685332000,36.84133203125,-0.2284636050462722,0.3970624208450317,0.0134390350431203
1781041407695433200,36.85143310546875,-0.2394591718912124,0.3640756905078888,-0.0232128798961639
1781041407745817900,36.90181787109375,-0.3408628106117248,0.3335324227809906,0.2993239760398865
1781041407755888600,36.911888671875,-0.3543018400669098,0.2675589919090271,0.304210901260376
1781041407765959400,36.92195947265625,-0.3335324227809906,0.2504547536373138,0.304210901260376
1781041407775999700,36.93199975585937,-0.3029891550540924,0.2895501255989074,0.2186897546052932
1781041407786101000,36.94210107421875,-0.3090978264808655,0.2700024247169494,0.1368338167667389
1781041407806273300,36.96227319335937,-0.2528982162475586,0.3017674386501312,0.0195476878434419
1781041407836424400,36.99242456054687,-0.1881465017795562,0.2492330223321914,0.2113593816757202
1781041407856505000,37.01250512695312,-0.2419026345014572,0.3310889601707458,0.1637118905782699
1781041407876677000,37.032677001953125,-0.2125810980796814,0.3225368559360504,0.0427605658769607
1781041407886748000,37.042747802734375,-0.2235766798257827,0.3530801236629486,0.0134390350431203
1781041407896788200,37.05278833007812,-0.2406809031963348,0.3567453026771545,-0.0195476878434419
1781041407906859000,37.06285888671875,-0.2284636050462722,0.3371976017951965,0.0659734457731247
1781041407916929800,37.0729296875,-0.1612684279680252,0.3689626157283783,0.167377084493637
1781041407927031300,37.08303125,-0.1380555480718612,0.3677408695220947,0.2638937830924988
1781041407937010400,37.09301049804687,-0.180816113948822,0.3371976017951965,0.3152064681053161
1781041407957182700,37.1131826171875,-0.2223549485206604,0.3176499307155609,0.0940732508897781
1781041407967253500,37.12325341796875,-0.2272418737411499,0.2871066629886627,-0.0427605658769607
1781041407977324300,37.13332421875,-0.2296853363513946,0.251676470041275,-0.1136209368705749
1781041407987425500,37.14342553710937,-0.1966986060142517,0.2223549485206604,-0.0977384373545646
1781041407997465900,37.1534658203125,-0.1527163088321685,0.1991420686244964,-0.0549778714776039
1781041408017607400,37.173607421875,-0.0696386396884918,0.147829383611679,0.1099557429552078
1781041408027708700,37.18370874023437,-0.0366519130766391,0.1295034289360046,0.1514945775270462
1781041408037779500,37.19377954101562,-0.0317649915814399,0.1282816976308822,0.1295034289360046
1781041408047850200,37.20385034179687,-0.0500909499824047,0.1246165111660957,-0.0244346093386411
1781041408057890600,37.213890625,-0.0940732508897781,0.0965167060494422,-0.1759291887283325
1781041408067991800,37.22399169921875,-0.0867428630590438,0.1282816976308822,-0.3152064681053161
1781041408078093300,37.23409326171875,-0.0708603709936142,0.1551597714424133,-0.375071257352829
1781041408108336000,37.26433618164062,0.0305432621389627,0.0745255574584007,-0.1441642045974731
1781041408178984400,37.334984375,0.2150245606899261,0.0549778714776039,-0.2590068578720093
1781041408199156500,37.35515649414062,0.1991420686244964,0.0342084541916847,-0.051312681287527
1781041408209257700,37.3652578125,0.1893682330846786,0.051312681287527,-0.0965167060494422
1781041408219298000,37.37529809570312,0.1527163088321685,0.0244346093386411,-0.1881465017795562
1781041408229399300,37.3853994140625,0.1136209368705749,0.0073303831741213,-0.2797762751579284
1781041408239470000,37.395469970703125,0.0842994004487991,0.0232128798961639,-0.3445279896259308
1781041408249571600,37.40557153320312,0.098960168659687,0.0403171069920063,-0.3298672437667846
1781041408259642400,37.41564233398437,0.157603234052658,0.0561996027827262,-0.2174680233001709
1781041408269743600,37.42574365234375,0.2052507251501083,0.0378736443817615,-0.0268780700862407
1781041408279814400,37.435814453125,0.2272418737411499,0.0268780700862407,0.0855211317539215
1781041408289885200,37.44588525390625,0.2284636050462722,0.0183259565383195,0.0500909499824047
1781041408299956000,37.4559560546875,0.2064724564552307,0.0024434609804302,-0.0378736443817615
1781041408310026800,37.46602685546875,0.2028072625398636,-0.0012217304902151,-0.1246165111660957
1781041408320128300,37.47612817382812,0.2296853363513946,-0.0256563406437635,-0.1050688251852989
1781041408350371000,37.50637109375,0.2419026345014572,-0.1771509200334549,0.0598647929728031
1781041408370512600,37.5265126953125,0.2223549485206604,-0.1380555480718612,-0.2382374405860901
1781041408380583400,37.53658349609375,0.2113593816757202,-0.1136209368705749,-0.2956587672233581
1781041408390654200,37.546654296875,0.2089159190654754,-0.0965167060494422,-0.2015855312347412
1781041408400755700,37.55675561523437,0.2467895597219467,-0.1087340116500854,0.0244346093386411
1781041408410857000,37.56685693359375,0.2883284091949463,-0.1722639948129654,0.2174680233001709
1781041408420958200,37.57695825195312,0.3066543638706207,-0.261450320482254,0.2565633952617645
1781041408441130200,37.597130126953125,0.2150245606899261,-0.3286454975605011,0.0268780700862407
1781041408451201000,37.607200927734375,0.1881465017795562,-0.3628539443016052,-0.0891863256692886
1781041408461272000,37.61727197265625,0.1893682330846786,-0.4495968222618103,-0.0488692186772823
1781041408471373300,37.62737329101562,0.2272418737411499,-0.5632177591323853,0.1148426681756973
1781041408481444000,37.63744409179687,0.2895501255989074,-0.6291912198066711,0.2076941877603531
1781041408491545300,37.64754541015625,0.3237585723400116,-0.6524040699005127,0.1050688251852989
1781041408562285000,37.71828515625,0.0818559452891349,-0.7855727076530457,-0.0745255574584007
1781041408572386600,37.72838647460937,0.0647517144680023,-0.8100073337554932,-0.1246165111660957
1781041408582487800,37.73848779296875,0.0488692186772823,-0.8307767510414124,-0.1832595765590667
1781041408592589000,37.74858911132812,0.0733038261532783,-0.8197811841964722,-0.271224170923233
1781041408602659800,37.75865991210937,0.0745255574584007,-0.799011766910553,-0.3103195428848266
1781041408612791800,37.76879174804687,0.0818559452891349,-0.7623597979545593,-0.3677408695220947
1781041408632994300,37.78899438476562,0.130725160241127,-0.7269296646118164,-0.2932153046131134
1781041408643095600,37.799095458984375,0.1331686228513717,-0.7183775305747986,-0.2846632003784179
1781041408653197000,37.80919702148437,0.1295034289360046,-0.7122688889503479,-0.2968805134296417
1781041408663298300,37.81929833984375,0.1050688251852989,-0.7098253965377808,-0.3909537494182586
1781041408673399600,37.82939965820312,0.0708603709936142,-0.7134906053543091,-0.4899139404296875
1781041408683501000,37.8395009765625,0.0818559452891349,-0.6914994716644287,-0.5522221922874451
1781041408693602300,37.84960229492187,0.0867428630590438,-0.6878342628479004,-0.5106833577156067
1781041408703703600,37.85970361328125,0.0952949747443199,-0.720820963382721,-0.4141666293144226
1781041408713804800,37.8698046875,0.1014036312699318,-0.7354817390441895,-0.2638937830924988
1781041408723906300,37.87990625,0.0818559452891349,-0.6963863968849182,-0.1942551434040069
1781041408734007600,37.89000756835937,0.0598647929728031,-0.6633996367454529,-0.2052507251501083
1781041408744108800,37.90010888671875,0.0794124826788902,-0.6328563690185547,-0.2357939779758453
1781041408754210300,37.91021020507812,0.0525344125926494,-0.6023131608963013,-0.36529740691185
1781041408774382300,37.93038232421875,-0.0977384373545646,-0.4862487316131592,-0.6731734871864319
1781041408794615600,37.95061547851562,-0.0794124826788902,-0.351858377456665,-0.4263839423656463
1781041408804716800,37.960716796875,-0.0745255574584007,-0.3078760802745819,-0.3054326176643371
1781041408814818000,37.97081811523437,-0.0427605658769607,-0.3078760802745819,-0.2138028293848037
1781041408824919300,37.980919189453125,-0.0097738439217209,-0.3005456924438476,-0.1343903541564941
1781041408845122000,38.0011220703125,0.1258382350206375,-0.1111774742603302,-0.3701843321323395
1781041408855192800,38.01119287109375,0.0232128798961639,-0.067195177078247,-0.598647952079773
1781041408875395600,38.0313955078125,-0.0097738439217209,-0.0342084541916847,-0.4801400899887085
1781041408885496800,38.04149682617187,0.117286130785942,-0.0378736443817615,-0.1453859210014343
1781041408915770400,38.07177026367187,0.2626720666885376,0.3139847218990326,0.1148426681756973
1781041408925871600,38.08187158203125,0.3262020349502563,0.4276056587696075,-0.0366519130766391
1781041408946043600,38.10204370117187,0.4373795092105865,0.6976081132888794,-0.1197295859456062
1781041408956145000,38.112144775390625,0.4239404797554016,0.8625417351722717,-0.0806342139840126
1781041408966246400,38.12224633789062,0.4434881806373596,0.9859365224838256,-0.0354301854968071
1781041408986418400,38.14241845703125,0.5913175344467163,1.1374311447143557,0.1111774742603302
1781041408996489200,38.1524892578125,0.675616979598999,1.227839112281799,0.2321287989616394
1781041409016630800,38.172630859375,0.7049384713172913,1.5796974897384644,-0.0733038261532783
1781041409056853000,38.21285302734375,0.4740314185619354,1.9230037927627563,-0.9004153609275818
1781041409066954200,38.22295434570312,0.4593706727027893,1.9620991945266724,-0.8100073337554932
1781041409077055700,38.2330556640625,0.5400048494338989,1.9608774185180664,-0.6524040699005127
1781041409097227800,38.25322778320312,0.7574729323387146,1.9718730449676511,-0.2345722615718841
1781041409137511000,38.29351098632812,0.6279694437980652,2.048841953277588,-0.7916813492774963
1781041409147551200,38.30355126953125,0.5424483418464661,1.973094701766968,-0.6646214127540588
1781041409167723300,38.32372314453125,0.5021312236785889,1.7165313959121704,-0.2052507251501083
1781041409177824800,38.33382470703125,0.3970624208450317,1.5821410417556765,-0.1160643994808197
1781041409187895600,38.3438955078125,0.2858849465847015,1.5063936710357666,-0.1246165111660957
1781041409197966300,38.35396630859375,0.1624901592731475,1.4062118530273438,-0.2125810980796814
1781041409208067600,38.36406762695312,0.0867428630590438,1.244943380355835,-0.3298672437667846
1781041409218108000,38.37410791015625,0.107512280344963,1.1056660413742063,-0.3591887652873993
1781041409228209200,38.38420922851562,0.1148426681756973,0.9639453291893004,-0.3262020349502563
1781041409238310400,38.394310302734375,0.1136209368705749,0.7611380815505981,-0.2797762751579284
1781041409248412000,38.40441186523437,0.1148426681756973,0.5400048494338989,-0.1954768747091293
